Climate_risk_model/Future/Fifty/ppt.dry.month.85.asc
NCOLS 24 
NROWS 30 
XLLCORNER -61.8 
YLLCORNER 11.9833333333333 
CELLSIZE 0.00833333333333345 
NODATA_value -32768 
-32768.000000000000000 -32768 -32768 -32768 -32768 -32768 -32768 -32768 -32768 -32768 -32768 -32768 -32768 -32768 41 41 44 42 42 42 42 42 -32768 -32768
-32768 -32768 -32768 -32768 -32768 -32768 -32768 -32768 -32768 -32768 -32768 -32768 41 41 41 46 46 47 42 43 46 46 43 -32768
-32768 -32768 -32768 -32768 -32768 -32768 -32768 -32768 -32768 -32768 -32768 41 41 44 45 44 46 45 44 44 46 46 43 -32768
-32768 -32768 -32768 -32768 -32768 -32768 -32768 -32768 -32768 -32768 40 41 44 48 50 46 47 48 46 45 44 44 44 -32768
-32768 -32768 -32768 -32768 -32768 -32768 -32768 -32768 -32768 40 40 41 45 49 50 47 51 50 47 47 45 44 44 -32768
-32768 -32768 -32768 -32768 -32768 -32768 -32768 -32768 40 40 45 43 46 53 56 53 54 51 48 49 46 44 44 42
-32768 -32768 -32768 -32768 -32768 -32768 -32768 -32768 39 43 46 48 46 50 61 61 58 55 53 48 47 44 43 42
-32768 -32768 -32768 -32768 -32768 -32768 -32768 39 39 45 46 50 50 52 59 64 61 55 49 47 46 44 43 42
-32768 -32768 -32768 -32768 -32768 -32768 -32768 39 39 42 44 49 57 59 65 65 64 58 51 48 45 43 42 -32768
-32768 -32768 -32768 -32768 -32768 -32768 38 39 41 43 47 49 52 64 64 58 56 53 50 46 43 42 42 -32768
-32768 -32768 -32768 -32768 -32768 -32768 38 38 44 47 49 55 59 58 57 56 52 48 46 44 42 42 42 -32768
-32768 -32768 -32768 -32768 -32768 38 38 41 47 51 58 58 57 55 52 49 50 48 46 44 42 42 42 -32768
-32768 -32768 -32768 -32768 -32768 38 39 46 46 56 61 61 55 51 48 46 44 45 45 42 42 42 41 41
-32768 -32768 -32768 -32768 -32768 37 40 43 51 55 57 64 61 51 47 45 46 44 43 42 42 41 41 -32768
-32768 -32768 -32768 -32768 -32768 37 38 44 51 52 65 64 62 51 48 47 48 48 46 44 41 -32768 -32768 -32768
-32768 -32768 -32768 -32768 37 37 38 47 51 55 59 64 62 55 51 50 53 50 46 44 41 -32768 -32768 -32768
-32768 -32768 -32768 -32768 37 37 39 41 45 48 51 51 60 57 53 55 58 52 48 44 40 -32768 -32768 -32768
-32768 -32768 -32768 37 37 39 43 41 40 45 49 60 59 58 56 60 59 54 48 43 42 -32768 -32768 -32768
-32768 -32768 -32768 36 36 37 42 43 42 45 49 54 59 58 59 58 53 50 45 42 39 40 -32768 -32768
-32768 -32768 -32768 -32768 36 37 43 40 41 45 50 58 61 58 58 56 53 47 44 41 39 -32768 -32768 -32768
-32768 -32768 -32768 -32768 36 37 37 39 43 47 54 53 54 49 52 50 47 43 42 40 39 -32768 -32768 -32768
-32768 -32768 -32768 -32768 36 37 38 38 42 50 50 48 47 46 46 43 43 42 40 39 -32768 -32768 -32768 -32768
-32768 -32768 -32768 -32768 -32768 37 37 41 42 43 45 46 43 42 42 43 41 40 39 39 -32768 -32768 -32768 -32768
-32768 -32768 -32768 -32768 36 37 38 41 41 43 43 42 41 39 39 40 39 39 38 -32768 -32768 -32768 -32768 -32768
-32768 -32768 36 36 36 37 39 37 39 38 39 40 39 38 39 39 38 38 -32768 -32768 -32768 -32768 -32768 -32768
-32768 36 36 36 36 37 37 38 39 37 37 37 38 37 37 37 -32768 -32768 -32768 -32768 -32768 -32768 -32768 -32768
35 36 36 37 36 37 37 37 39 37 37 37 37 37 -32768 -32768 -32768 -32768 -32768 -32768 -32768 -32768 -32768 -32768
35 36 36 36 36 37 36 37 37 37 37 -32768 -32768 -32768 -32768 -32768 -32768 -32768 -32768 -32768 -32768 -32768 -32768 -32768
-32768 35 -32768 -32768 35 35 -32768 -32768 -32768 -32768 36 -32768 -32768 -32768 -32768 -32768 -32768 -32768 -32768 -32768 -32768 -32768 -32768 -32768
-32768 -32768 -32768 -32768 -32768 -32768 -32768 -32768 -32768 -32768 -32768 -32768 -32768 -32768 -32768 -32768 -32768 -32768 -32768 -32768 -32768 -32768 -32768 -32768
