Climate_risk_model/Future/Fifty/ppt.dry.month.45.asc
NCOLS 24 
NROWS 30 
XLLCORNER -61.8 
YLLCORNER 11.9833333333333 
CELLSIZE 0.00833333333333345 
NODATA_value -32768 
-32768.000000000000000 -32768 -32768 -32768 -32768 -32768 -32768 -32768 -32768 -32768 -32768 -32768 -32768 -32768 43 44 46 44 44 45 45 46 -32768 -32768
-32768 -32768 -32768 -32768 -32768 -32768 -32768 -32768 -32768 -32768 -32768 -32768 42 43 43 48 49 50 45 46 49 50 46 -32768
-32768 -32768 -32768 -32768 -32768 -32768 -32768 -32768 -32768 -32768 -32768 42 42 46 47 47 49 47 46 46 49 50 46 -32768
-32768 -32768 -32768 -32768 -32768 -32768 -32768 -32768 -32768 -32768 41 41 45 51 53 48 50 51 49 48 46 47 47 -32768
-32768 -32768 -32768 -32768 -32768 -32768 -32768 -32768 -32768 40 41 42 47 52 54 50 53 53 50 50 49 47 47 -32768
-32768 -32768 -32768 -32768 -32768 -32768 -32768 -32768 40 40 47 44 48 56 59 56 56 53 51 52 50 48 47 46
-32768 -32768 -32768 -32768 -32768 -32768 -32768 -32768 40 44 49 50 48 53 62 62 60 57 56 51 50 48 47 46
-32768 -32768 -32768 -32768 -32768 -32768 -32768 39 40 47 49 54 53 55 61 65 63 57 53 51 50 48 47 46
-32768 -32768 -32768 -32768 -32768 -32768 -32768 38 38 43 46 51 59 60 67 66 65 59 53 51 48 46 45 -32768
-32768 -32768 -32768 -32768 -32768 -32768 37 37 42 45 49 52 54 65 66 60 58 56 53 49 46 45 45 -32768
-32768 -32768 -32768 -32768 -32768 -32768 37 37 46 49 52 57 60 60 59 58 55 51 48 47 46 45 45 -32768
-32768 -32768 -32768 -32768 -32768 36 36 42 50 53 60 60 59 57 54 52 53 50 49 47 45 45 45 -32768
-32768 -32768 -32768 -32768 -32768 36 38 49 48 58 62 62 57 54 51 50 47 48 48 45 45 45 45 45
-32768 -32768 -32768 -32768 -32768 36 40 45 54 57 59 64 63 54 50 48 50 47 46 46 45 44 44 -32768
-32768 -32768 -32768 -32768 -32768 36 36 46 53 54 66 65 63 54 51 51 52 50 50 48 44 -32768 -32768 -32768
-32768 -32768 -32768 -32768 35 36 36 50 54 57 60 65 63 57 54 54 56 53 50 47 44 -32768 -32768 -32768
-32768 -32768 -32768 -32768 35 36 38 44 48 51 54 54 61 59 56 57 59 55 52 47 44 -32768 -32768 -32768
-32768 -32768 -32768 34 35 39 45 42 41 48 53 61 61 60 58 61 60 56 51 47 45 -32768 -32768 -32768
-32768 -32768 -32768 33 34 34 44 45 44 48 51 56 60 59 61 60 55 53 48 45 42 42 -32768 -32768
-32768 -32768 -32768 -32768 34 34 45 40 43 48 52 59 64 60 59 57 54 50 47 45 42 -32768 -32768 -32768
-32768 -32768 -32768 -32768 34 34 36 39 45 49 56 55 56 52 55 53 50 46 45 42 41 -32768 -32768 -32768
-32768 -32768 -32768 -32768 34 34 37 37 45 52 52 51 51 49 49 46 47 45 42 42 -32768 -32768 -32768 -32768
-32768 -32768 -32768 -32768 -32768 34 35 45 45 45 48 49 47 45 45 46 44 42 42 40 -32768 -32768 -32768 -32768
-32768 -32768 -32768 -32768 34 36 38 45 44 46 46 45 44 41 41 42 42 41 40 -32768 -32768 -32768 -32768 -32768
-32768 -32768 34 34 34 35 39 37 41 38 41 42 41 39 40 40 39 39 -32768 -32768 -32768 -32768 -32768 -32768
-32768 34 34 34 34 37 36 38 40 37 37 37 39 39 39 39 -32768 -32768 -32768 -32768 -32768 -32768 -32768 -32768
34 34 34 36 35 37 37 36 40 37 37 37 38 38 -32768 -32768 -32768 -32768 -32768 -32768 -32768 -32768 -32768 -32768
34 34 34 35 35 36 36 36 37 37 37 -32768 -32768 -32768 -32768 -32768 -32768 -32768 -32768 -32768 -32768 -32768 -32768 -32768
-32768 33 -32768 -32768 34 35 -32768 -32768 -32768 -32768 36 -32768 -32768 -32768 -32768 -32768 -32768 -32768 -32768 -32768 -32768 -32768 -32768 -32768
-32768 -32768 -32768 -32768 -32768 -32768 -32768 -32768 -32768 -32768 -32768 -32768 -32768 -32768 -32768 -32768 -32768 -32768 -32768 -32768 -32768 -32768 -32768 -32768
