Climate_risk_model/Future/Fifty/ppt.dry.month.26.asc
NCOLS 24 
NROWS 30 
XLLCORNER -61.8 
YLLCORNER 11.9833333333333 
CELLSIZE 0.00833333333333345 
NODATA_value -32768 
-32768.000000000000000 -32768 -32768 -32768 -32768 -32768 -32768 -32768 -32768 -32768 -32768 -32768 -32768 -32768 48 49 52 50 50 50 50 51 -32768 -32768
-32768 -32768 -32768 -32768 -32768 -32768 -32768 -32768 -32768 -32768 -32768 -32768 47 48 48 54 55 56 50 51 55 56 52 -32768
-32768 -32768 -32768 -32768 -32768 -32768 -32768 -32768 -32768 -32768 -32768 47 47 51 53 52 55 53 52 52 55 56 52 -32768
-32768 -32768 -32768 -32768 -32768 -32768 -32768 -32768 -32768 -32768 46 46 50 57 59 54 56 57 55 54 52 53 53 -32768
-32768 -32768 -32768 -32768 -32768 -32768 -32768 -32768 -32768 45 46 47 52 58 60 57 60 59 56 56 55 53 53 -32768
-32768 -32768 -32768 -32768 -32768 -32768 -32768 -32768 44 45 52 50 54 63 66 63 63 60 57 58 56 54 53 52
-32768 -32768 -32768 -32768 -32768 -32768 -32768 -32768 44 50 55 57 54 59 70 70 68 64 63 57 56 54 53 52
-32768 -32768 -32768 -32768 -32768 -32768 -32768 43 44 52 55 60 59 62 69 73 70 64 59 57 56 54 53 52
-32768 -32768 -32768 -32768 -32768 -32768 -32768 42 43 48 52 58 66 68 75 74 73 67 60 58 54 52 51 -32768
-32768 -32768 -32768 -32768 -32768 -32768 42 42 47 51 55 58 61 73 74 67 65 63 59 55 52 51 51 -32768
-32768 -32768 -32768 -32768 -32768 -32768 42 42 52 55 58 64 68 67 66 65 62 58 54 53 52 51 51 -32768
-32768 -32768 -32768 -32768 -32768 41 41 47 56 59 67 67 66 64 61 58 59 57 55 53 51 51 51 -32768
-32768 -32768 -32768 -32768 -32768 40 43 55 54 65 69 69 64 60 58 56 53 54 54 51 51 51 51 51
-32768 -32768 -32768 -32768 -32768 40 45 51 60 64 66 72 70 61 56 54 56 53 52 52 51 50 50 -32768
-32768 -32768 -32768 -32768 -32768 40 41 52 59 61 74 73 71 61 58 58 58 57 56 54 50 -32768 -32768 -32768
-32768 -32768 -32768 -32768 39 40 41 56 60 64 68 73 70 64 61 60 63 60 56 53 50 -32768 -32768 -32768
-32768 -32768 -32768 -32768 39 40 42 49 54 58 60 60 69 66 63 64 67 62 58 53 49 -32768 -32768 -32768
-32768 -32768 -32768 38 39 44 51 47 46 54 59 69 69 67 65 69 68 64 58 53 51 -32768 -32768 -32768
-32768 -32768 -32768 37 38 39 49 51 49 54 58 63 68 66 69 68 62 59 55 51 48 48 -32768 -32768
-32768 -32768 -32768 -32768 38 39 51 45 49 54 59 66 72 68 67 64 61 57 54 50 47 -32768 -32768 -32768
-32768 -32768 -32768 -32768 38 39 40 44 51 55 63 62 63 59 62 59 56 52 50 48 46 -32768 -32768 -32768
-32768 -32768 -32768 -32768 38 39 42 42 50 59 59 57 57 55 55 52 53 51 48 47 -32768 -32768 -32768 -32768
-32768 -32768 -32768 -32768 -32768 39 40 50 51 51 54 55 53 51 51 52 50 48 48 45 -32768 -32768 -32768 -32768
-32768 -32768 -32768 -32768 39 40 43 50 49 52 52 51 49 46 46 47 47 46 45 -32768 -32768 -32768 -32768 -32768
-32768 -32768 38 39 39 40 44 41 46 43 46 48 46 44 45 45 45 45 -32768 -32768 -32768 -32768 -32768 -32768
-32768 38 38 39 39 41 40 43 45 42 42 42 44 44 44 44 -32768 -32768 -32768 -32768 -32768 -32768 -32768 -32768
38 38 39 40 40 41 42 40 45 41 42 42 43 43 -32768 -32768 -32768 -32768 -32768 -32768 -32768 -32768 -32768 -32768
38 39 39 40 40 40 40 40 41 42 42 -32768 -32768 -32768 -32768 -32768 -32768 -32768 -32768 -32768 -32768 -32768 -32768 -32768
-32768 38 -32768 -32768 38 39 -32768 -32768 -32768 -32768 41 -32768 -32768 -32768 -32768 -32768 -32768 -32768 -32768 -32768 -32768 -32768 -32768 -32768
-32768 -32768 -32768 -32768 -32768 -32768 -32768 -32768 -32768 -32768 -32768 -32768 -32768 -32768 -32768 -32768 -32768 -32768 -32768 -32768 -32768 -32768 -32768 -32768
