Climate_risk_model/Future/Fifty/ppt.dry.month.60.asc
NCOLS 24 
NROWS 30 
XLLCORNER -61.8 
YLLCORNER 11.9833333333333 
CELLSIZE 0.00833333333333345 
NODATA_value -32768 
-32768.000000000000000 -32768 -32768 -32768 -32768 -32768 -32768 -32768 -32768 -32768 -32768 -32768 -32768 -32768 51 51 55 52 52 52 52 52 -32768 -32768
-32768 -32768 -32768 -32768 -32768 -32768 -32768 -32768 -32768 -32768 -32768 -32768 51 51 51 57 57 58 52 53 57 57 53 -32768
-32768 -32768 -32768 -32768 -32768 -32768 -32768 -32768 -32768 -32768 -32768 51 51 54 56 55 57 56 54 54 57 57 53 -32768
-32768 -32768 -32768 -32768 -32768 -32768 -32768 -32768 -32768 -32768 50 50 54 60 62 57 58 60 57 56 54 54 54 -32768
-32768 -32768 -32768 -32768 -32768 -32768 -32768 -32768 -32768 49 50 51 56 61 62 58 63 62 58 58 56 54 54 -32768
-32768 -32768 -32768 -32768 -32768 -32768 -32768 -32768 48 49 56 53 57 66 70 66 67 63 59 61 57 55 54 52
-32768 -32768 -32768 -32768 -32768 -32768 -32768 -32768 48 53 57 59 57 62 75 75 72 68 66 59 58 55 53 52
-32768 -32768 -32768 -32768 -32768 -32768 -32768 47 48 56 57 62 62 64 73 79 76 68 61 58 57 55 53 52
-32768 -32768 -32768 -32768 -32768 -32768 -32768 48 49 53 56 62 72 75 85 83 81 73 64 61 57 54 52 -32768
-32768 -32768 -32768 -32768 -32768 -32768 47 47 51 55 59 62 66 82 82 73 70 67 63 57 54 52 52 -32768
-32768 -32768 -32768 -32768 -32768 -32768 47 47 56 59 62 69 75 73 72 71 66 61 57 55 53 53 52 -32768
-32768 -32768 -32768 -32768 -32768 46 46 51 60 64 73 73 73 70 66 62 63 60 57 55 53 52 52 -32768
-32768 -32768 -32768 -32768 -32768 45 49 58 58 71 77 78 69 64 61 58 56 57 57 52 52 52 51 51
-32768 -32768 -32768 -32768 -32768 45 51 55 64 69 73 81 78 65 59 57 58 56 54 53 52 51 51 -32768
-32768 -32768 -32768 -32768 -32768 45 46 56 64 66 82 81 78 65 61 60 61 60 57 56 51 -32768 -32768 -32768
-32768 -32768 -32768 -32768 44 45 46 59 65 69 75 82 78 69 65 63 67 63 58 55 51 -32768 -32768 -32768
-32768 -32768 -32768 -32768 44 45 48 52 57 61 64 64 76 73 67 70 73 66 61 56 51 -32768 -32768 -32768
-32768 -32768 -32768 43 44 50 55 51 51 57 62 76 75 73 71 76 74 68 60 54 52 -32768 -32768 -32768
-32768 -32768 -32768 43 44 45 54 56 54 57 63 70 77 74 79 77 68 64 58 54 51 52 -32768 -32768
-32768 -32768 -32768 -32768 44 45 55 51 52 57 64 74 82 76 75 72 68 61 57 53 51 -32768 -32768 -32768
-32768 -32768 -32768 -32768 44 45 47 50 55 60 70 68 69 63 68 65 60 55 54 52 50 -32768 -32768 -32768
-32768 -32768 -32768 -32768 44 45 49 49 54 64 64 62 61 59 59 55 56 54 52 51 -32768 -32768 -32768 -32768
-32768 -32768 -32768 -32768 -32768 45 46 53 54 55 58 59 56 54 54 55 52 52 51 50 -32768 -32768 -32768 -32768
-32768 -32768 -32768 -32768 45 47 49 53 52 55 55 54 53 51 51 51 51 50 49 -32768 -32768 -32768 -32768 -32768
-32768 -32768 44 45 45 46 50 48 51 49 51 51 51 49 50 50 49 49 -32768 -32768 -32768 -32768 -32768 -32768
-32768 44 44 45 45 48 47 49 50 48 47 48 49 48 48 48 -32768 -32768 -32768 -32768 -32768 -32768 -32768 -32768
44 44 45 47 46 47 48 47 50 47 47 47 47 48 -32768 -32768 -32768 -32768 -32768 -32768 -32768 -32768 -32768 -32768
44 45 45 46 46 47 46 47 47 48 47 -32768 -32768 -32768 -32768 -32768 -32768 -32768 -32768 -32768 -32768 -32768 -32768 -32768
-32768 46 -32768 -32768 47 47 -32768 -32768 -32768 -32768 47 -32768 -32768 -32768 -32768 -32768 -32768 -32768 -32768 -32768 -32768 -32768 -32768 -32768
-32768 -32768 -32768 -32768 -32768 -32768 -32768 -32768 -32768 -32768 -32768 -32768 -32768 -32768 -32768 -32768 -32768 -32768 -32768 -32768 -32768 -32768 -32768 -32768
