Climate_risk_model/dem/aspect.asc
NCOLS 24 
NROWS 30 
XLLCORNER -61.8 
YLLCORNER 11.983333333 
CELLSIZE 0.00833333333333316 
NODATA_value -9999 
-9999.000000000000000 -9999 -9999 -9999 -9999 -9999 -9999 -9999 -9999 -9999 -9999 -9999 -9999 -9999 237.252546356617 215.037157162829 178.601022859177 103.409567230089 101.486814617954 252.857584567228 216.787782277603 167.935333325679 57.5728853315472 71.2222789563042
-9999 -9999 -9999 -9999 -9999 -9999 -9999 -9999 -9999 -9999 -9999 -9999 -9999 239.209036789958 203.560930611805 172.81052488027 192.385916452545 133.520160158338 113.07076175817 163.499777021756 175.997117093325 120.163873405837 81.1015168210536 76.7326354008436
-9999 -9999 -9999 -9999 -9999 -9999 -9999 -9999 -9999 -9999 -9999 -9999 264.040509730363 204.490960569832 128.694555786079 182.705584248943 155.416156063325 137.331337392912 144.799429205307 158.955556805789 171.768647818995 123.915257667487 94.5275496204218 89.4923141441737
-9999 -9999 -9999 -9999 -9999 -9999 -9999 -9999 -9999 -9999 -9999 222.204870862671 202.413643601849 188.938702974945 125.749998423184 160.298125613162 151.529069349232 143.452642842947 139.314525935715 158.058431303927 119.969231989521 123.875331200118 94.9159925765951 92.481603947774
-9999 -9999 -9999 -9999 -9999 -9999 -9999 -9999 -9999 -9999 180.540346612142 188.521558738513 189.786342299211 197.996707837983 143.357379765683 152.46591455747 158.185291586101 140.063944116405 140.1892897319 148.515028641645 89.5425124443122 112.535538272768 104.72332479516 125.797968763147
-9999 -9999 -9999 -9999 -9999 -9999 -9999 -9999 -9999 237.185127718913 165.248725645123 164.834851557169 188.342818482173 206.664573999443 166.400861935357 166.453859315826 127.475711271777 130.322227486387 136.411991689649 124.598219293984 97.3853378906451 117.63965220666 109.676109514114 115.13827696833
-9999 -9999 -9999 -9999 -9999 -9999 -9999 -9999 239.930854777752 195.840780950047 162.717992856203 124.041839676645 175.945854435533 215.290754806479 180.578057167298 153.568998564883 124.291813396319 148.477818764406 121.332038074058 119.307034865669 110.279316131593 113.495904355559 92.2253986507078 65.2130578959359
-9999 -9999 -9999 -9999 -9999 -9999 -9999 -9999 218.966087330959 198.225474206629 182.244957817383 150.639207914974 165.0150096193 191.223916410951 207.444733888668 163.05895334134 146.928712642307 138.654422940242 116.699300173958 114.182202967949 115.583210766345 100.786970971064 85.6458605740833 66.1682323170124
-9999 -9999 -9999 -9999 -9999 -9999 -9999 208.356171886879 212.528300858802 180.45170440641 184.653911717529 208.695676116802 179.940964152198 175.7648116131 188.065482207817 159.73045736522 151.272195172337 140.94253469663 128.462866236913 115.219401859627 105.650115809693 92.2958893572947 54.6455485469706 71.7282393350719
-9999 -9999 -9999 -9999 -9999 -9999 -9999 193.246667455175 191.226938204593 185.588727836845 183.640778228992 189.12140308827 191.517137518782 186.354668223414 164.234201158584 135.27443839481 143.48457862567 143.536675806056 121.281863355766 104.003963522745 102.592522442336 82.5301034238263 47.2083185917571 35.8065239399182
-9999 -9999 -9999 -9999 -9999 -9999 225.689388484934 224.873236814214 205.365401897908 190.228518863132 182.902474589085 169.24207245328 171.53515668651 164.682778277072 160.313356085556 125.325055122177 118.499702877434 122.85834080484 114.378830600518 108.196997584512 98.8747009061232 58.4403393270882 27.3392666799098 23.3470114291194
-9999 -9999 -9999 -9999 -9999 -9999 229.765757634427 219.770444456937 188.283202196333 195.137288432815 188.084409090398 152.176318728664 140.815499133089 132.294417966899 131.113620106529 140.385226171933 121.08764364128 111.855706019614 120.039265968352 102.58962875167 86.6424880783922 51.2253780652139 26.0188419202901 21.1711577396981
-9999 -9999 -9999 -9999 -9999 216.615009142546 209.484827859391 208.382179079159 201.778430070635 186.068994716223 184.390613630601 147.713811263994 123.307186203728 112.419594611412 115.91377617133 136.095911727085 136.323090931289 125.124451755044 114.743120863253 110.90531456466 95.9607963822933 74.4681159025724 39.7775945082518 129.835290745988
-9999 -9999 -9999 -9999 -9999 189.845703998884 208.454410710352 208.682285254233 195.780008457582 172.431430538021 191.834473247973 170.226849782844 109.998567104852 86.6352375871339 96.4940657054437 145.237200716305 143.826678959248 125.217654837461 111.711112818633 112.920650250308 99.2428730544799 116.351032060785 85.9750447348097 136.470162562211
-9999 -9999 -9999 -9999 -9999 188.220930258825 198.736732234513 204.64954173439 201.275791428496 191.419585510168 194.368826767905 184.114280857454 125.612883434603 89.2082308816827 104.383207990452 160.717562789849 157.693914869162 126.13914614274 114.7201409364 113.778366283577 88.3900537128629 83.2191902672624 -9999 -9999
-9999 -9999 -9999 -9999 -9999 177.70867518463 204.942837382617 208.542238171347 206.404268913251 198.4606246176 184.581151090661 167.46307863324 135.294403567117 99.9832818735956 124.301300949727 175.178973339292 160.231369575275 105.136968278024 98.7580769847616 111.749434893104 93.0687957985585 90.3579560307293 -9999 -9999
-9999 -9999 -9999 -9999 210.15225345971 186.905971993947 180.835931545596 184.471393927956 175.889531894874 174.471819265491 193.682798659439 175.890130251543 121.841456062882 98.7205426862207 146.031791633952 178.412504766363 142.636449155468 110.955772991533 99.4601029016729 107.381625734231 99.7862133854613 95.4423631637725 -9999 -9999
-9999 -9999 -9999 251.511857154479 217.111448871576 169.721397999842 158.318613835934 170.184956789175 159.916392608813 176.466051239949 214.45737046601 198.703519626028 117.471081707409 117.844836513504 179.272137420356 143.656034383239 113.716040555651 118.717248411047 99.8772385922756 117.721660916243 115.967591438507 98.6569030237851 95.6643013819049 -9999
-9999 -9999 -9999 226.354413986016 210.944367679503 212.003545962351 187.921342022535 153.715508467016 173.920592725032 211.447410270514 213.011650247786 202.269182889754 134.905857226312 144.207118991952 173.064802146844 138.112624957359 125.672950925503 116.429320021101 105.554379633853 110.660587998175 126.096263897572 110.916399351776 112.178981629319 -9999
-9999 -9999 -9999 -9999 212.902748304015 234.374131683403 197.045594397961 176.310400464873 195.927733137506 216.642202063927 208.292840182421 197.44095103901 161.58370097695 158.903233580168 146.180732960428 127.695872087421 126.613891731587 117.283115116496 107.926897699362 111.003963461452 102.241226632844 124.752699089709 -9999 -9999
-9999 -9999 -9999 -9999 241.013423480861 221.287552343399 171.363024654186 190.283253715999 207.534948125546 206.814501948219 187.965940928663 169.325701611152 153.285951431234 157.14818014305 159.882294119168 132.162940471764 125.299036413296 122.758969316947 123.440721976036 120.282754710887 122.305859598539 124.722827041984 -9999 -9999
-9999 -9999 -9999 -9999 229.896892832779 185.142065108665 163.591116700827 181.844193456734 210.707614706582 189.684372513244 163.724465218109 153.189215678039 142.939706841634 152.865460064752 161.14986629861 137.503426982323 120.717092683454 128.805715724929 118.424175928061 108.108798678234 127.183988161901 -9999 -9999 -9999
-9999 -9999 -9999 -9999 253.495218584037 202.917996820593 192.939126596707 171.691707769949 172.631311870251 168.496642205595 154.326257272638 145.107315289019 137.335960047183 145.572717449729 149.71031799901 148.58161508207 136.327461920485 133.735428368004 111.516746015581 118.238979176455 127.525180941675 -9999 -9999 -9999
-9999 -9999 -9999 -9999 270.621767336887 217.399984496452 180.98313574056 160.15380051263 152.946667251047 165.450716985676 155.712137398634 140.34676490483 135.872052115498 144.872616367282 141.451869357696 151.961345653928 132.034523273852 131.004924807987 116.701985081942 147.747744770712 -9999 -9999 -9999 -9999
-9999 -9999 -9999 117.588612144259 171.803291458957 191.260304869095 149.153621228356 156.873050390111 145.252508763458 165.755907771453 157.846863488158 148.363577712364 139.202799983407 134.287507800091 125.419843923436 141.605372132858 126.104977663139 131.005188713587 114.9964177895 -9999 -9999 -9999 -9999 -9999
-9999 -9999 190.214397539305 135.642654291842 147.943935635277 159.081497427074 140.878640977522 148.695399021113 131.643041715907 127.742383341134 136.802590143724 138.779638032688 122.991021292802 115.395638228108 137.01057982696 140.358668291954 139.208786765948 126.527964459742 -9999 -9999 -9999 -9999 -9999 -9999
146.113773027413 156.707927459661 170.156696656958 149.065519398063 149.554985240161 152.489460704125 140.36079788475 150.041993016555 144.502099902716 128.332527583269 118.267726742157 128.322193695935 129.395976388586 132.205928700288 164.887498871643 159.774618774125 -9999 -9999 -9999 -9999 -9999 -9999 -9999 -9999
139.496168834592 123.556511594124 120.161327022036 126.059593879697 143.457029612126 155.556503296097 144.384464896876 165.354984473856 159.302379365596 140.894903695159 117.30823510788 132.333954734241 -9999 151.620198351232 -9999 -9999 -9999 -9999 -9999 -9999 -9999 -9999 -9999 -9999
129.93298472138 128.972685450169 122.920213277003 127.205310173752 134.286186952182 141.803040487029 134.574947975517 -9999 158.537093067404 131.239490580493 129.550959930491 136.09298562326 -9999 -9999 -9999 -9999 -9999 -9999 -9999 -9999 -9999 -9999 -9999 -9999
-9999 -9999 -9999 193.866309809567 156.240178805528 103.894258097524 -9999 -9999 -9999 -9999 151.373874247768 -9999 -9999 -9999 -9999 -9999 -9999 -9999 -9999 -9999 -9999 -9999 -9999 -9999
