Climate_risk_model/dem/dem_resample.asc
NCOLS 24 
NROWS 30 
XLLCORNER -61.8 
YLLCORNER 11.983333333 
CELLSIZE 0.00833333333333316 
NODATA_value -9999 
-9999.000000000000000 -9999 -9999 -9999 -9999 -9999 -9999 -9999 -9999 -9999 -9999 -9999 -9999 -9999 45.4688588171681 51.4949502309689 75.4886540522911 53.5376604399359 22.41788316019 25.6402307111213 35.5247871061958 40.6301474338216 11.2433964794445 13.2465819390532
-9999 -9999 -9999 -9999 -9999 -9999 -9999 -9999 -9999 -9999 -9999 -9999 -9999 25.9155375270105 47.937577435874 82.602480467496 116.103157703253 88.5350411528493 37.7212963510444 31.6017645645983 82.3981227981866 71.622139146224 17.6120963034115 13.6135424115506
-9999 -9999 -9999 -9999 -9999 -9999 -9999 -9999 -9999 -9999 -9999 -9999 37.9077596944154 96.1330882093602 91.6944722837244 107.872552942728 144.416022388013 109.353189757702 75.6398588648446 54.9715285166795 89.1326429662835 80.5251836605062 25.3385694888414 20.353410380082
-9999 -9999 -9999 -9999 -9999 -9999 -9999 -9999 -9999 -9999 -9999 22.4137919016611 90.0769400747119 185.946468175246 195.145391520328 142.968987671861 161.394661108307 157.883828339087 118.557005694477 89.8171211898593 60.8377145788984 52.0527698573511 27.247387104701 4.70579261157292
-9999 -9999 -9999 -9999 -9999 -9999 -9999 -9999 -9999 -9999 38.399770473926 45.9409691296694 128.017199585871 257.606216545899 280.520473703659 234.250191996399 241.711396087259 200.798655423335 141.351041463224 130.968502491215 75.7428203731979 48.6749173517704 25.6904233853206 9.59384562094829
-9999 -9999 -9999 -9999 -9999 -9999 -9999 -9999 -9999 61.191440497712 107.828273685478 92.9160346253659 139.08895033698 284.235435414148 363.383172922006 376.18702904336 324.30648867468 252.064751273824 191.633791733337 171.157216451571 121.123125743451 64.678429495417 31.2164339881722 14.243915364622
-9999 -9999 -9999 -9999 -9999 -9999 -9999 -9999 46.2051847860901 99.2270646439656 177.527534832693 171.611083827197 172.987263772587 280.971624577571 432.698187458478 481.429900749363 394.927548014423 314.908722640181 237.203655142482 168.578634729543 125.600996496744 65.5936889192302 28.4598753564614 7.04057914912388
-9999 -9999 -9999 -9999 -9999 -9999 -9999 -9999 45.5558340382996 111.487886943473 193.67304698152 250.776397548338 272.27962426716 343.439086742107 513.94270864268 543.887227163788 479.384707294932 347.885870958272 230.091270597079 164.051948049242 118.761297729215 54.0202529675941 22.8133468644701 6.98451220421387
-9999 -9999 -9999 -9999 -9999 -9999 -9999 24.5473669111689 55.0325069224134 112.821376303304 174.788403030239 273.467769429955 389.586521993372 482.385619424644 598.383912149448 556.640916768967 506.399935920295 372.153882964181 251.217953321094 184.768220236528 108.539185925213 42.1957793202368 12.5725405653032 3.20023029601857
-9999 -9999 -9999 -9999 -9999 -9999 -9999 37.7308119894093 86.0007215150757 154.548412794366 229.000049745465 303.380003601985 414.061861312661 520.193382145999 566.189334898975 470.627752980519 388.31457244381 313.066640163138 214.629636405408 127.4396029937 66.8627427101717 26.8163239797191 7.71595259498984 0.591615901987471
-9999 -9999 -9999 -9999 -9999 -9999 23.6161911056692 73.2598336583019 149.688347400397 224.888891996246 341.019166941652 376.060196347945 420.152641198442 441.066543344634 427.861133476144 373.851359724879 302.352300079149 223.715407513686 147.366702600498 84.318270783686 45.330455416086 19.0740914028367 4.83086164585297 3.4402664567349
-9999 -9999 -9999 -9999 -9999 -9999 51.538550114667 129.543406156177 233.239360269512 332.057696135919 470.608447559445 442.682295869384 416.17893422567 360.715399568054 311.218144408232 267.757208731493 228.554423934028 188.623581633918 136.692632500208 72.4785007547296 35.9473287871565 17.0926301946218 4.93967948147352 3.65446025629956
-9999 -9999 -9999 -9999 -9999 39.355603782288 79.825945242955 189.658197063509 310.380073865522 419.823107407409 527.758420004759 511.999427103518 408.515044032715 303.722782239838 239.115070665235 184.776232491885 164.604159527534 144.449988381858 106.095362630414 55.9029766194527 29.8125353171541 14.2601285060571 6.12568082364387 20.6628521280452
-9999 -9999 -9999 -9999 -9999 43.6733381284797 93.138152088768 201.864262252543 310.030962040956 409.955885909535 505.581742299301 588.962244483624 478.947163327431 307.065775299921 206.495951264755 182.818261709951 184.814697272067 136.228267019475 103.118803330334 71.6521412920881 29.3497113104051 12.8023137029897 7.89066216899114 20.8782538257986
-9999 -9999 -9999 -9999 -9999 37.6768453014694 80.9265834324418 195.609859170069 311.469268957974 427.513568078609 513.296981798045 608.828933732859 515.399239798737 332.990646730349 238.81384918158 243.87239469734 269.165536958554 211.387280030386 148.778098553689 82.9040364108267 23.8551146749356 16.0600494032645 -9999 -9999
-9999 -9999 -9999 -9999 -9999 34.5132105757478 100.051436560254 206.448361509413 317.389998579498 419.375481134404 464.573526847654 544.762541430869 523.896016653926 396.389528703377 305.730385476068 324.660677916134 371.604044333606 282.039077904527 171.443480303752 82.5775870975038 24.3496121119069 2.75688828443494 -9999 -9999
-9999 -9999 -9999 -9999 15.8056491738341 47.5171812549474 95.8073336137681 139.007182923824 219.704283300934 280.795069669645 344.04317009266 459.953927208646 520.120007244744 455.545756560074 381.088709685542 426.513967613813 434.468609821914 317.181126761101 189.339960583921 90.1164307151599 31.9529788496024 9.67101377827168 7.74392157155616 -9999
-9999 -9999 -9999 -9999 31.5263657670179 78.4522481331068 132.590859194763 129.441558952829 157.793131241777 208.211290759098 309.787289789962 446.793074031056 509.105434802518 472.140554275373 490.617531513099 511.709749344883 431.619646856368 324.099721474014 199.50825735652 75.7104002775856 45.6489207621846 27.7626208407264 25.6759543332102 -9999
-9999 -9999 -9999 4.83870967745838 27.8213246387348 88.2222681012026 179.382395735859 170.660491447153 150.211989448434 211.283757000363 332.771077254747 459.343884911127 535.410311618852 510.323210713343 549.745137435323 509.900532041074 403.98531777474 294.354455279472 183.033700510785 63.6180532521965 35.0595843512557 30.8956073947068 30.5314913800566 -9999
-9999 -9999 -9999 -9999 34.6169605629129 74.0549793808887 140.047367810902 140.6043634323 159.185611529879 251.382283308081 390.180676073734 446.133406673962 508.785488174043 481.641982955468 497.05791718896 421.578244426466 327.939549809986 236.745410548545 152.514634207626 66.7652283325283 22.87070358141 23.6756530677273 -9999 -9999
-9999 -9999 -9999 -9999 35.2869309613675 59.7671020497348 79.9765377099522 92.1209897732974 158.486966484105 296.040413810114 397.757052959382 383.377581869633 385.618867112414 354.384424751285 373.862078033917 315.804096647894 226.197741891876 156.049260358377 101.026512244844 47.8518057198021 18.6924246152733 15.5642393558892 -9999 -9999
-9999 -9999 -9999 -9999 16.5627551606105 25.9589007162676 54.061421274533 91.2875355098362 172.616495999594 279.546494423373 320.691802439385 295.404970494555 266.161254507246 230.07101361852 230.533141906423 204.440330945153 141.245641017873 90.8824724422178 51.1173925314676 20.5971600821047 8.47495267610127 -9999 -9999 -9999
-9999 -9999 -9999 -9999 7.73606481998631 19.5390880469471 62.8278156692444 118.094652155404 168.195414681599 200.253061856918 236.086750602004 213.598789798609 174.303501417792 134.277881529512 124.156123510957 113.625498614875 78.810882166048 53.0370033941297 29.0896390169561 12.4650097256215 10.3080871436591 -9999 -9999 -9999
-9999 -9999 -9999 -9999 5.13148321655712 36.5253644177171 58.9647968931388 108.732713698932 117.435118388219 125.835881796962 159.962661560963 143.678149166579 110.583183174384 73.8277610050099 64.0705306013629 64.239545001807 43.306474016591 31.5427864064511 15.7826121297695 9.53978296196624 -9999 -9999 -9999 -9999
-9999 -9999 9.3621794871923 5.79074267974115 8.93417780899741 53.6470905734041 53.2949663111965 77.3620082118933 81.9988531034765 76.8293252983853 87.5600417462551 84.7725729328404 63.4036091715677 40.3440734022987 32.3494738436973 36.0267976130221 25.3111876906837 20.7462137629493 10.0560051946651 -9999 -9999 -9999 -9999 -9999
-9999 12.1082677165563 20.2363307283746 26.2295426568507 24.4066602344125 52.4398257347973 42.0073240869655 56.4560762166875 58.1889006659854 39.6264645992355 37.4508845897609 37.2609440937699 33.2527117777102 21.469024159479 18.5903102752302 20.7313790517124 12.5490091198312 14.2087833595406 -9999 -9999 -9999 -9999 -9999 -9999
12.4751012697988 12.3988830552992 20.78734082407 27.3015739428586 28.1808143322166 33.6391932610357 31.2535429437189 37.5369991102347 38.0978289260436 29.1801539612139 22.5056366806906 17.166752393317 24.7008652988291 14.3320980842218 14.4447883035363 16.4559471179815 7.24423821724408 -9999 -9999 -9999 -9999 -9999 -9999 -9999
8.33574416120675 8.67538798987768 11.3378000768349 12.6064597414314 18.5615198913028 19.1253417482108 24.8155292266345 26.4333008413218 27.9095065429158 24.6987902054488 20.253798379987 16.649763909135 -9999 -9999 -9999 -9999 -9999 -9999 -9999 -9999 -9999 -9999 -9999 -9999
5.41019999646443 6.28971623113346 4.79571739684499 5.40493622088868 11.0653058880775 12.6281498672386 21.539787628947 -9999 -9999 18.8971399564393 13.418626884392 12.7306267341675 -9999 -9999 -9999 -9999 -9999 -9999 -9999 -9999 -9999 -9999 -9999 -9999
-9999 -9999 -9999 2.42755468438515 7.06514033045336 9.14699240499388 -9999 -9999 -9999 -9999 -9999 -9999 -9999 -9999 -9999 -9999 -9999 -9999 -9999 -9999 -9999 -9999 -9999 -9999
