Climate_risk_model/dem/slope.asc
NCOLS 24 
NROWS 30 
XLLCORNER -61.8 
YLLCORNER 11.983333333 
CELLSIZE 0.00833333333333316 
NODATA_value -9999 
-9999.000000000000000 -9999 -9999 -9999 -9999 -9999 -9999 -9999 -9999 -9999 -9999 -9999 -9999 -9999 14.9247465499236 31.2227839996231 32.4773152374971 23.4123760561192 14.4182240279973 26.5646834194701 20.2466115564551 21.8454865745792 11.2965599443873 37.9738692958167
-9999 -9999 -9999 -9999 -9999 -9999 -9999 -9999 -9999 -9999 -9999 -9999 -9999 20.0849713448109 29.9623348857077 33.9351353681345 36.256087836157 31.3706775696037 17.5459679092942 18.818050515689 23.8133843531122 20.4661016255229 9.80931310077676 37.7990208897229
-9999 -9999 -9999 -9999 -9999 -9999 -9999 -9999 -9999 -9999 -9999 -9999 27.5798915128296 30.1137214080115 23.5516494334542 27.3136187300913 33.0648254773283 30.1577805025986 25.0062761393432 20.6468771958056 21.5151580039561 25.0998629033414 14.151410956939 13.5242086151467
-9999 -9999 -9999 -9999 -9999 -9999 -9999 -9999 -9999 -9999 -9999 22.1134854927773 39.6410167759697 38.800440870877 31.4842771833857 27.9550540618889 26.9755938883415 33.338469394107 28.6264555491072 27.8789253074884 14.4700309541082 13.2031984227189 15.3590349928208 14.4086268662677
-9999 -9999 -9999 -9999 -9999 -9999 -9999 -9999 -9999 -9999 20.009019944799 23.6415453029072 41.8157245851968 50.7619257400684 46.279077991852 35.7216626273396 33.0253511714613 35.1882289273863 29.0730092165024 31.5709131634508 15.4596853963101 14.5428590568717 13.4344585430868 19.7189902322959
-9999 -9999 -9999 -9999 -9999 -9999 -9999 -9999 -9999 34.6902666285277 34.1529061273844 27.7247588585021 33.8019014474366 55.6898336087528 59.4334183371087 56.9857246588504 36.0629870975067 34.8000492312795 27.3214160620934 27.700659166639 19.118283425701 20.5741303719159 18.5274906536754 17.6829161491717
-9999 -9999 -9999 -9999 -9999 -9999 -9999 -9999 31.5115314001282 33.9209445155969 34.1981832254002 31.7241338238765 34.5158111295976 47.2300703711508 57.5881307354047 62.5125297485732 41.4032101885398 43.1054706361015 33.5522483696203 25.0011182692737 22.1483397803514 18.1453368488112 14.8156735544364 6.14565141735967
-9999 -9999 -9999 -9999 -9999 -9999 -9999 -9999 25.8644889067389 27.0896269035113 29.4059716497208 37.3943620891779 52.7224339685813 56.2679421566188 64.9135093424166 67.3348656988238 64.1855062649292 50.7831102600837 28.5897758956239 19.4457033789876 24.465424961861 15.8897358331502 8.92155758609573 5.92053382632626
-9999 -9999 -9999 -9999 -9999 -9999 -9999 21.5355144055624 25.3311669668267 25.2636882555732 22.4499656904847 33.7666297149414 66.5489623411779 74.6978753944293 71.3813530785481 70.2071431254176 75.1909512520055 56.3479526679825 34.1423564346014 23.4552753033015 17.9434504767095 13.2464493176634 4.70304196031019 4.34426895469532
-9999 -9999 -9999 -9999 -9999 -9999 -9999 24.6619911014466 26.3645188474174 29.8315515302263 31.2202333524996 28.246222030684 43.1011457238908 57.8985291540238 68.1657160986457 57.5354247346729 66.9590167988726 49.4063052230706 34.6364508216149 21.5772624198522 17.130373601894 10.6110023516 3.70415902069801 2.19632314943142
-9999 -9999 -9999 -9999 -9999 -9999 18.0483361125046 21.3864067665705 20.7791847205523 27.6638695952008 45.7661106562899 33.8809895695017 25.6157687008289 37.7511651983407 45.568523983722 35.2449790711936 43.8271256167837 38.805284865959 23.6324609866353 16.5085477796847 10.9949651400198 7.01666269480107 2.0302132287263 1.27427799980796
-9999 -9999 -9999 -9999 -9999 -9999 30.102795354897 28.9253321534317 30.9704003389761 38.3400228171422 56.5349792152037 40.5861236619574 27.8227720813275 28.2995310128305 31.1908547369557 27.4240230919713 28.538909153453 25.3066675061836 23.291611796343 16.3663582665845 10.0915953854001 5.30537377552224 1.92864705365211 1.44000473691558
-9999 -9999 -9999 -9999 -9999 33.7259665803051 34.1747147926758 38.8972193986002 47.0706893361794 59.8714005586285 65.9752351506116 51.1234899782969 34.1270862866199 26.5893689880917 20.6949267146574 24.2677611101721 27.009321839151 20.3447146658902 20.658332773498 16.6539682769401 12.6608861333466 7.11766455966817 3.52814358085992 26.7127361624181
-9999 -9999 -9999 -9999 -9999 34.2149889639746 30.8465172582639 43.1823448062998 55.5004337515216 60.4534539990837 58.1700480760443 51.4117592506112 41.6474781178162 25.1130909693949 17.8900992347252 19.7550366905297 27.7248083832657 25.4018391781393 18.2389090000101 16.1482601416313 13.242646941814 7.72892092803865 7.38106592903733 27.3630278789457
-9999 -9999 -9999 -9999 -9999 36.3238604935158 37.0570688886416 40.818057139974 44.7144568662425 52.5470913623876 59.5128229066931 48.1407878703282 47.1272246428417 27.5980863503429 20.2141279607328 24.7385719938651 25.7874588017974 24.3424413773032 19.7807236626309 22.6206478054283 14.3094576854881 13.0687802690621 -9999 -9999
-9999 -9999 -9999 -9999 -9999 33.3327579057357 39.5921356357701 39.1600776877193 36.8231039607881 44.9632530299861 53.6289800970656 47.7635427407603 48.0814800526289 30.1424014874792 28.9617957024643 33.6512190826633 32.0450597036497 24.9328905968186 21.8451860796061 21.8851259580633 16.6250211318429 15.3582175595212 -9999 -9999
-9999 -9999 -9999 -9999 23.669444350607 34.5020233216704 40.3625695403496 40.0962960987129 36.0285220324208 34.6471119409772 40.1638660690129 43.4900645318819 32.4357951907582 29.230037450635 37.5819754625701 42.674007413173 37.792326839357 30.7375784501339 24.9567402125342 24.7427511836314 18.4371493924364 53.9234731068422 -9999 -9999
-9999 -9999 -9999 22.6551213832248 24.6553825249836 27.279393078702 36.7999493406564 42.3183192619346 33.8931656759735 26.3980114707214 35.1745510372499 42.2957460075038 26.4296344283183 27.4058733324003 42.4647764436346 40.6787704388198 34.4699804724982 34.6827740870185 27.1981109729476 25.6818267452137 23.4163054318762 50.7942020800086 54.0066851424926 -9999
-9999 -9999 -9999 38.1324462566396 34.6399735312393 32.5305941369926 38.9158745808055 43.3211164572009 34.8694257813646 28.9752175489829 31.1642518880761 40.1240607177895 34.4726359222491 34.3222059251529 43.0112968232382 39.1626920747704 35.2833822316627 30.8046961304873 26.54868076568 23.2570590999031 21.5295628849452 35.8050158535091 35.6400218528123 -9999
-9999 -9999 -9999 -9999 34.2873765714375 35.6793969370278 37.2421035259163 34.5708762499178 29.4617940718719 32.2736585145212 44.4643923855629 49.9328167331306 50.1376559446104 51.0309473608048 44.3464532590196 33.9507222470143 33.3245694387406 29.0222830260345 23.8781550387225 24.8650863816337 16.6370178321439 22.8633210324492 -9999 -9999
-9999 -9999 -9999 -9999 40.7558094177535 37.816080651599 33.5404611864026 32.9140331000062 32.0496179010518 39.9502909987472 47.5861385568655 42.5826341418101 36.8313141016796 36.9802145101678 39.7944852655347 33.1424005031394 25.2824687530796 23.2123583991874 21.0883245403036 21.7201894837473 22.1708683079444 21.6185025204478 -9999 -9999
-9999 -9999 -9999 -9999 30.4625774649094 27.515053154172 26.5282241718802 28.035889357411 26.8681908058996 30.2571092798578 32.5405619156893 31.9407107995694 30.2566478755209 26.2285850194358 32.3519360349668 29.5132626773965 23.6127221869673 22.735818666389 20.8280693442633 18.3887697251357 19.0112179762853 -9999 -9999 -9999
-9999 -9999 -9999 -9999 23.8922058115245 21.9347808391544 29.843660854538 30.4376826300118 27.1164853396929 26.6813121969967 29.2785226329834 28.3638453194253 29.0429962279411 26.264376279895 29.2004254436996 29.863419156349 28.9018955267608 26.5682269106433 21.3165313893458 18.3716158167738 18.228730239415 -9999 -9999 -9999
-9999 -9999 -9999 -9999 17.7243102782611 21.7638244250559 30.2123440150834 29.2374562164901 28.0851616722987 28.6405515597515 31.4089202311415 27.9042822825437 28.6396895258933 27.3558059924276 26.7044423232567 27.8125935160903 27.2842984458044 27.5412857455812 21.2849076579744 19.5218222483512 -9999 -9999 -9999 -9999
-9999 -9999 -9999 13.6482443559226 12.5379417552907 23.2466605619823 26.670028909762 28.7837745955019 27.6487275012711 28.4956547577496 30.1103608970205 29.5583367459072 29.7765789975412 25.9888403855894 22.5870176202696 22.2602554397521 23.3289929926145 25.0044171086806 20.1269997709332 -9999 -9999 -9999 -9999 -9999
-9999 -9999 24.5048100032493 19.4531487323672 16.7944749616353 25.9783207079701 25.6426361847834 24.8696495593649 25.6055035358049 24.2798503999817 24.298612301934 22.9873329231081 23.7842683123587 20.1539681909747 20.9792127940843 22.6404630456327 22.3355470363032 26.9126013575861 -9999 -9999 -9999 -9999 -9999 -9999
14.1984404361944 14.9064551032291 19.9941183688103 22.4131012983913 21.1085318431584 24.9502042242594 26.5597476331584 26.3086538468897 26.9848584199619 23.9708546522663 20.6422028486958 17.5668747595527 19.3112328254375 19.1917225491333 24.2893619568337 29.9536756869518 -9999 -9999 -9999 -9999 -9999 -9999 -9999 -9999
11.19944336717 8.89723612139735 9.71679688379677 12.8805746319295 16.9999107971106 20.2598586119352 28.4098959049712 27.6107081262411 27.1359021414103 27.3645717703592 22.0370524110484 22.4440750450647 -9999 21.0342673291388 -9999 -9999 -9999 -9999 -9999 -9999 -9999 -9999 -9999 -9999
6.86555450189434 6.70553869692054 9.29956901346685 12.280028278963 12.916195108933 20.5225527115542 32.2447319664813 -9999 33.6720368386868 28.9533217529856 18.9408778220625 15.806067278871 -9999 -9999 -9999 -9999 -9999 -9999 -9999 -9999 -9999 -9999 -9999 -9999
-9999 -9999 -9999 14.3352346404484 16.4878667890515 19.2319774483116 -9999 -9999 -9999 -9999 18.5939218308699 -9999 -9999 -9999 -9999 -9999 -9999 -9999 -9999 -9999 -9999 -9999 -9999 -9999
