Dummy model/GRD_alt.asc
NCOLS 24 
NROWS 30 
XLLCORNER -61.8 
YLLCORNER 11.9833333333333 
CELLSIZE 0.00833333333333345 
NODATA_value -32768 
-32768.000000000000000 -32768 -32768 -32768 -32768 -32768 -32768 -32768 -32768 -32768 -32768 -32768 -32768 -32768 3 18 68 70 6 4 13 33 -32768 -32768
-32768 -32768 -32768 -32768 -32768 -32768 -32768 -32768 -32768 -32768 -32768 -32768 3 10 27 112 138 148 39 33 91 111 16 -32768
-32768 -32768 -32768 -32768 -32768 -32768 -32768 -32768 -32768 -32768 -32768 2 12 83 116 81 155 104 81 61 86 109 25 -32768
-32768 -32768 -32768 -32768 -32768 -32768 -32768 -32768 -32768 -32768 2 3 75 179 247 132 170 175 139 101 70 48 39 -32768
-32768 -32768 -32768 -32768 -32768 -32768 -32768 -32768 -32768 3 13 25 120 288 337 219 247 227 152 141 87 64 38 -32768
-32768 -32768 -32768 -32768 -32768 -32768 -32768 -32768 2 23 128 83 135 256 393 377 365 263 189 202 146 81 45 16
-32768 -32768 -32768 -32768 -32768 -32768 -32768 -32768 3 92 192 217 146 263 472 533 432 356 303 176 145 78 49 11
-32768 -32768 -32768 -32768 -32768 -32768 -32768 3 14 117 194 275 280 303 449 561 483 357 229 177 144 78 38 13
-32768 -32768 -32768 -32768 -32768 -32768 -32768 3 42 112 165 254 434 496 651 624 582 452 297 217 134 67 19 -32768
-32768 -32768 -32768 -32768 -32768 -32768 3 11 76 141 224 286 374 545 614 511 406 338 250 152 89 37 17 -32768
-32768 -32768 -32768 -32768 -32768 -32768 5 48 146 224 329 404 446 474 432 420 335 231 154 106 57 35 12 -32768
-32768 -32768 -32768 -32768 -32768 3 25 130 252 324 469 493 418 398 332 274 265 219 160 95 59 29 12 -32768
-32768 -32768 -32768 -32768 -32768 4 64 170 260 409 526 557 418 324 252 208 147 149 131 66 46 26 14 6
-32768 -32768 -32768 -32768 -32768 8 77 204 324 438 500 619 570 337 218 173 204 150 94 76 43 7 5 -32768
-32768 -32768 -32768 -32768 -32768 2 63 174 330 443 515 618 578 351 254 237 286 234 185 121 33 -32768 -32768 -32768
-32768 -32768 -32768 -32768 3 20 90 246 338 426 504 582 583 430 343 304 379 332 198 106 36 -32768 -32768 -32768
-32768 -32768 -32768 -32768 3 13 94 119 196 263 322 408 535 493 376 416 463 343 220 124 38 -32768 -32768 -32768
-32768 -32768 -32768 3 12 79 165 115 143 195 284 464 558 489 478 575 484 395 242 109 65 -32768 -32768 -32768
-32768 -32768 -32768 3 9 69 173 238 156 195 318 435 554 521 578 541 433 316 206 91 43 26 -32768 -32768
-32768 -32768 -32768 -32768 3 24 201 136 131 218 360 488 565 531 512 457 375 279 192 104 29 -32768 -32768 -32768
-32768 -32768 -32768 -32768 3 32 102 73 172 307 440 413 410 376 384 364 246 174 119 61 18 -32768 -32768 -32768
-32768 -32768 -32768 -32768 4 25 54 74 144 289 332 332 281 241 229 214 169 110 59 23 -32768 -32768 -32768 -32768
-32768 -32768 -32768 -32768 -32768 7 28 158 172 210 232 222 190 144 141 127 89 69 49 12 -32768 -32768 -32768 -32768
-32768 -32768 -32768 -32768 3 33 81 102 141 122 169 162 132 90 73 72 59 37 12 -32768 -32768 -32768 -32768 -32768
-32768 -32768 4 3 3 35 75 58 116 73 112 96 78 46 48 37 36 15 -32768 -32768 -32768 -32768 -32768 -32768
-32768 3 6 26 26 59 58 53 69 39 34 41 39 31 19 13 -32768 -32768 -32768 -32768 -32768 -32768 -32768 -32768
3 8 18 43 25 37 50 28 47 23 22 10 8 6 -32768 -32768 -32768 -32768 -32768 -32768 -32768 -32768 -32768 -32768
8 12 10 17 14 21 19 11 17 26 21 -32768 -32768 -32768 -32768 -32768 -32768 -32768 -32768 -32768 -32768 -32768 -32768 -32768
-32768 2 -32768 -32768 5 14 -32768 -32768 -32768 -32768 6 -32768 -32768 -32768 -32768 -32768 -32768 -32768 -32768 -32768 -32768 -32768 -32768 -32768
-32768 -32768 -32768 -32768 -32768 -32768 -32768 -32768 -32768 -32768 -32768 -32768 -32768 -32768 -32768 -32768 -32768 -32768 -32768 -32768 -32768 -32768 -32768 -32768
