Dummy model/GRD_ppt_aug.asc
NCOLS 24 
NROWS 30 
XLLCORNER -61.8 
YLLCORNER 11.9833333333333 
CELLSIZE 0.00833333333333345 
NODATA_value -32768 
-32768.000000000000000 -32768 -32768 -32768 -32768 -32768 -32768 -32768 -32768 -32768 -32768 -32768 -32768 -32768 79 79 81 78 78 78 78 77 -32768 -32768
-32768 -32768 -32768 -32768 -32768 -32768 -32768 -32768 -32768 -32768 -32768 -32768 80 79 79 83 84 84 78 79 82 83 77 -32768
-32768 -32768 -32768 -32768 -32768 -32768 -32768 -32768 -32768 -32768 -32768 80 79 82 83 82 84 82 80 79 82 82 78 -32768
-32768 -32768 -32768 -32768 -32768 -32768 -32768 -32768 -32768 -32768 80 80 82 88 89 84 85 86 83 82 79 79 78 -32768
-32768 -32768 -32768 -32768 -32768 -32768 -32768 -32768 -32768 80 80 81 84 88 90 86 89 88 84 84 81 78 78 -32768
-32768 -32768 -32768 -32768 -32768 -32768 -32768 -32768 81 80 85 82 85 93 96 92 93 89 85 86 83 80 78 76
-32768 -32768 -32768 -32768 -32768 -32768 -32768 -32768 81 84 87 88 85 89 100 100 97 94 92 85 83 80 77 76
-32768 -32768 -32768 -32768 -32768 -32768 -32768 81 81 85 86 91 90 92 99 104 100 93 87 85 83 79 77 75
-32768 -32768 -32768 -32768 -32768 -32768 -32768 81 81 83 85 90 98 100 108 107 105 98 90 87 82 78 76 -32768
-32768 -32768 -32768 -32768 -32768 -32768 81 81 83 85 88 91 93 106 106 99 96 93 89 83 79 76 75 -32768
-32768 -32768 -32768 -32768 -32768 -32768 81 81 86 88 91 96 100 99 98 97 92 87 83 81 78 77 75 -32768
-32768 -32768 -32768 -32768 -32768 82 82 84 89 92 99 100 98 96 92 89 90 86 84 80 78 76 75 -32768
-32768 -32768 -32768 -32768 -32768 82 83 88 88 98 102 102 96 92 88 86 83 83 83 78 77 76 75 75
-32768 -32768 -32768 -32768 -32768 82 83 85 92 96 99 105 103 92 86 84 86 83 80 79 77 75 75 -32768
-32768 -32768 -32768 -32768 -32768 82 82 86 92 94 107 106 103 92 88 88 88 86 84 82 77 -32768 -32768 -32768
-32768 -32768 -32768 -32768 82 82 82 89 93 96 101 106 103 96 92 90 93 89 85 81 77 -32768 -32768 -32768
-32768 -32768 -32768 -32768 82 82 82 84 87 89 92 91 101 98 93 96 98 92 87 82 76 -32768 -32768 -32768
-32768 -32768 -32768 82 82 83 85 83 82 86 91 101 101 99 97 100 99 93 87 80 78 -32768 -32768 -32768
-32768 -32768 -32768 82 82 82 85 86 84 87 91 96 102 100 103 101 94 90 85 80 76 76 -32768 -32768
-32768 -32768 -32768 -32768 81 81 85 83 83 86 92 100 106 101 100 97 93 87 83 80 76 -32768 -32768 -32768
-32768 -32768 -32768 -32768 81 81 81 82 85 89 97 95 95 91 94 91 87 82 80 78 76 -32768 -32768 -32768
-32768 -32768 -32768 -32768 81 81 82 81 84 92 91 90 89 87 86 83 83 81 78 77 -32768 -32768 -32768 -32768
-32768 -32768 -32768 -32768 -32768 81 80 84 84 84 87 87 84 82 82 82 80 79 78 76 -32768 -32768 -32768 -32768
-32768 -32768 -32768 -32768 80 81 82 84 83 84 84 83 82 80 79 79 79 78 76 -32768 -32768 -32768 -32768 -32768
-32768 -32768 81 80 80 80 82 80 82 80 81 81 80 78 79 78 77 76 -32768 -32768 -32768 -32768 -32768 -32768
-32768 81 80 80 80 81 80 81 81 79 78 78 78 78 77 77 -32768 -32768 -32768 -32768 -32768 -32768 -32768 -32768
80 80 80 81 80 80 81 79 81 79 78 78 78 77 -32768 -32768 -32768 -32768 -32768 -32768 -32768 -32768 -32768 -32768
80 80 80 80 80 80 79 79 79 79 78 -32768 -32768 -32768 -32768 -32768 -32768 -32768 -32768 -32768 -32768 -32768 -32768 -32768
-32768 80 -32768 -32768 79 79 -32768 -32768 -32768 -32768 78 -32768 -32768 -32768 -32768 -32768 -32768 -32768 -32768 -32768 -32768 -32768 -32768 -32768
-32768 -32768 -32768 -32768 -32768 -32768 -32768 -32768 -32768 -32768 -32768 -32768 -32768 -32768 -32768 -32768 -32768 -32768 -32768 -32768 -32768 -32768 -32768 -32768
