Dummy model/GRD_tmin_aug.asc
NCOLS 24 
NROWS 30 
XLLCORNER -61.8 
YLLCORNER 11.9833333333333 
CELLSIZE 0.00833333333333345 
NODATA_value -32768 
-32768.000000000000000 -32768 -32768 -32768 -32768 -32768 -32768 -32768 -32768 -32768 -32768 -32768 -32768 -32768 238 238 234 237 237 237 237 237 -32768 -32768
-32768 -32768 -32768 -32768 -32768 -32768 -32768 -32768 -32768 -32768 -32768 -32768 238 238 238 232 231 230 237 236 232 231 236 -32768
-32768 -32768 -32768 -32768 -32768 -32768 -32768 -32768 -32768 -32768 -32768 238 238 234 232 233 230 233 235 235 232 231 236 -32768
-32768 -32768 -32768 -32768 -32768 -32768 -32768 -32768 -32768 -32768 238 238 234 227 225 231 229 228 232 232 235 234 235 -32768
-32768 -32768 -32768 -32768 -32768 -32768 -32768 -32768 -32768 238 238 237 232 226 224 229 225 226 230 229 232 235 234 -32768
-32768 -32768 -32768 -32768 -32768 -32768 -32768 -32768 238 238 232 234 230 220 216 221 220 224 228 227 230 233 235 237
-32768 -32768 -32768 -32768 -32768 -32768 -32768 -32768 238 233 229 228 231 225 210 210 214 218 220 228 230 233 235 236
-32768 -32768 -32768 -32768 -32768 -32768 -32768 239 238 231 229 223 224 222 211 205 209 219 227 229 230 233 235 236
-32768 -32768 -32768 -32768 -32768 -32768 -32768 239 238 234 231 225 213 210 198 201 203 212 222 226 231 234 236 -32768
-32768 -32768 -32768 -32768 -32768 -32768 239 239 235 231 227 223 220 202 200 211 215 219 223 230 234 236 236 -32768
-32768 -32768 -32768 -32768 -32768 -32768 239 239 231 227 223 216 209 211 213 214 219 226 230 232 234 235 236 -32768
-32768 -32768 -32768 -32768 -32768 239 239 235 225 221 211 210 212 215 220 224 223 227 229 233 234 235 236 -32768
-32768 -32768 -32768 -32768 -32768 239 236 227 228 213 207 205 215 221 225 228 231 230 230 235 235 236 236 236
-32768 -32768 -32768 -32768 -32768 239 236 231 220 215 211 202 205 220 227 230 228 231 233 234 235 237 237 -32768
-32768 -32768 -32768 -32768 -32768 239 238 230 221 218 199 201 204 220 225 226 225 226 229 231 236 -32768 -32768 -32768
-32768 -32768 -32768 -32768 239 239 239 225 219 215 208 201 205 215 220 222 218 223 228 232 236 -32768 -32768 -32768
-32768 -32768 -32768 -32768 239 239 237 233 229 224 220 221 206 211 218 215 210 220 225 231 237 -32768 -32768 -32768
-32768 -32768 -32768 239 239 236 231 234 235 229 222 207 207 210 213 208 209 217 226 233 235 -32768 -32768 -32768
-32768 -32768 -32768 239 239 239 232 230 232 228 221 213 206 209 203 205 217 221 228 233 237 236 -32768 -32768
-32768 -32768 -32768 -32768 239 239 230 235 233 228 220 208 200 207 208 212 217 225 230 234 237 -32768 -32768 -32768
-32768 -32768 -32768 -32768 239 239 238 236 230 225 213 215 214 221 216 220 226 231 233 236 238 -32768 -32768 -32768
-32768 -32768 -32768 -32768 240 239 237 237 232 219 220 223 223 226 226 231 230 232 235 237 -32768 -32768 -32768 -32768
-32768 -32768 -32768 -32768 -32768 239 239 232 231 231 227 226 230 232 232 232 234 235 236 238 -32768 -32768 -32768 -32768
-32768 -32768 -32768 -32768 239 238 237 232 233 231 231 232 233 236 236 235 236 237 238 -32768 -32768 -32768 -32768 -32768
-32768 -32768 240 240 240 239 236 238 235 237 235 234 235 238 236 237 238 238 -32768 -32768 -32768 -32768 -32768 -32768
-32768 240 240 240 239 238 239 237 236 238 239 239 238 238 239 239 -32768 -32768 -32768 -32768 -32768 -32768 -32768 -32768
240 240 239 238 239 238 237 239 236 239 239 239 239 239 -32768 -32768 -32768 -32768 -32768 -32768 -32768 -32768 -32768 -32768
240 239 240 239 239 239 239 239 239 238 239 -32768 -32768 -32768 -32768 -32768 -32768 -32768 -32768 -32768 -32768 -32768 -32768 -32768
-32768 240 -32768 -32768 240 239 -32768 -32768 -32768 -32768 239 -32768 -32768 -32768 -32768 -32768 -32768 -32768 -32768 -32768 -32768 -32768 -32768 -32768
-32768 -32768 -32768 -32768 -32768 -32768 -32768 -32768 -32768 -32768 -32768 -32768 -32768 -32768 -32768 -32768 -32768 -32768 -32768 -32768 -32768 -32768 -32768 -32768
