Dummy model/GRD_ppt_jan.asc
NCOLS 24 
NROWS 30 
XLLCORNER -61.8 
YLLCORNER 11.9833333333333 
CELLSIZE 0.00833333333333345 
NODATA_value -32768 
-32768.000000000000000 -32768 -32768 -32768 -32768 -32768 -32768 -32768 -32768 -32768 -32768 -32768 -32768 -32768 112 112 116 113 113 113 113 114 -32768 -32768
-32768 -32768 -32768 -32768 -32768 -32768 -32768 -32768 -32768 -32768 -32768 -32768 112 112 112 118 119 120 114 115 118 120 114 -32768
-32768 -32768 -32768 -32768 -32768 -32768 -32768 -32768 -32768 -32768 -32768 111 112 116 118 117 120 118 116 116 119 119 115 -32768
-32768 -32768 -32768 -32768 -32768 -32768 -32768 -32768 -32768 -32768 111 111 116 123 125 119 121 122 119 118 116 116 116 -32768
-32768 -32768 -32768 -32768 -32768 -32768 -32768 -32768 -32768 110 111 112 118 124 126 121 125 124 120 121 118 116 117 -32768
-32768 -32768 -32768 -32768 -32768 -32768 -32768 -32768 110 110 118 115 120 129 133 129 130 126 122 123 120 118 116 115
-32768 -32768 -32768 -32768 -32768 -32768 -32768 -32768 110 116 121 122 119 125 138 138 135 131 129 122 120 118 116 115
-32768 -32768 -32768 -32768 -32768 -32768 -32768 109 110 118 120 126 125 128 137 142 139 130 123 121 120 117 116 115
-32768 -32768 -32768 -32768 -32768 -32768 -32768 109 110 115 119 125 136 138 148 146 144 136 127 124 120 117 115 -32768
-32768 -32768 -32768 -32768 -32768 -32768 109 109 113 118 123 126 129 145 145 137 134 130 126 120 117 115 115 -32768
-32768 -32768 -32768 -32768 -32768 -32768 108 109 119 122 127 133 138 137 135 134 130 124 120 118 116 116 115 -32768
-32768 -32768 -32768 -32768 -32768 108 108 114 124 128 137 137 136 133 129 126 127 123 121 118 116 116 115 -32768
-32768 -32768 -32768 -32768 -32768 108 111 122 122 135 140 141 133 128 124 122 119 120 120 116 116 115 115 115
-32768 -32768 -32768 -32768 -32768 107 112 118 128 133 137 144 142 129 122 120 122 119 117 116 115 114 114 -32768
-32768 -32768 -32768 -32768 -32768 107 108 119 128 130 146 145 142 129 124 124 124 123 121 119 115 -32768 -32768 -32768
-32768 -32768 -32768 -32768 107 107 108 123 129 133 139 145 142 133 129 127 130 127 121 118 114 -32768 -32768 -32768
-32768 -32768 -32768 -32768 106 107 110 115 121 125 128 128 140 136 131 133 137 129 124 119 113 -32768 -32768 -32768
-32768 -32768 -32768 106 106 111 118 114 113 120 127 140 139 137 135 139 138 131 124 117 115 -32768 -32768 -32768
-32768 -32768 -32768 106 106 107 117 119 117 121 127 134 141 138 143 141 131 127 122 117 113 114 -32768 -32768
-32768 -32768 -32768 -32768 106 107 118 113 116 121 128 138 146 140 139 136 131 124 120 116 113 -32768 -32768 -32768
-32768 -32768 -32768 -32768 106 107 108 112 119 124 134 132 133 128 132 129 123 118 117 114 112 -32768 -32768 -32768
-32768 -32768 -32768 -32768 106 107 110 110 117 128 128 126 125 123 123 119 119 117 114 112 -32768 -32768 -32768 -32768
-32768 -32768 -32768 -32768 -32768 107 107 117 118 118 122 123 120 117 117 118 115 114 113 111 -32768 -32768 -32768 -32768
-32768 -32768 -32768 -32768 106 108 110 117 116 118 118 117 116 113 112 113 113 112 110 -32768 -32768 -32768 -32768 -32768
-32768 -32768 106 106 106 107 111 108 113 110 113 115 113 110 112 111 110 110 -32768 -32768 -32768 -32768 -32768 -32768
-32768 105 106 106 106 108 107 110 111 109 108 108 110 109 109 109 -32768 -32768 -32768 -32768 -32768 -32768 -32768 -32768
105 105 106 107 107 108 109 107 112 108 108 108 108 108 -32768 -32768 -32768 -32768 -32768 -32768 -32768 -32768 -32768 -32768
105 106 106 107 106 107 107 107 107 109 108 -32768 -32768 -32768 -32768 -32768 -32768 -32768 -32768 -32768 -32768 -32768 -32768 -32768
-32768 105 -32768 -32768 106 107 -32768 -32768 -32768 -32768 108 -32768 -32768 -32768 -32768 -32768 -32768 -32768 -32768 -32768 -32768 -32768 -32768 -32768
-32768 -32768 -32768 -32768 -32768 -32768 -32768 -32768 -32768 -32768 -32768 -32768 -32768 -32768 -32768 -32768 -32768 -32768 -32768 -32768 -32768 -32768 -32768 -32768
