Dummy model/GRD_tmin_jan.asc
NCOLS 24 
NROWS 30 
XLLCORNER -61.8 
YLLCORNER 11.9833333333333 
CELLSIZE 0.00833333333333345 
NODATA_value -32768 
-32768.000000000000000 -32768 -32768 -32768 -32768 -32768 -32768 -32768 -32768 -32768 -32768 -32768 -32768 -32768 221 220 216 220 220 220 220 220 -32768 -32768
-32768 -32768 -32768 -32768 -32768 -32768 -32768 -32768 -32768 -32768 -32768 -32768 221 221 221 213 212 212 219 218 214 212 219 -32768
-32768 -32768 -32768 -32768 -32768 -32768 -32768 -32768 -32768 -32768 -32768 221 221 216 214 215 212 215 217 217 214 213 219 -32768
-32768 -32768 -32768 -32768 -32768 -32768 -32768 -32768 -32768 -32768 221 221 216 208 205 213 210 208 213 214 218 217 218 -32768
-32768 -32768 -32768 -32768 -32768 -32768 -32768 -32768 -32768 221 221 220 214 206 204 210 205 206 211 211 214 218 217 -32768
-32768 -32768 -32768 -32768 -32768 -32768 -32768 -32768 221 221 213 217 211 200 195 201 199 204 209 208 212 215 218 220
-32768 -32768 -32768 -32768 -32768 -32768 -32768 -32768 222 215 210 208 212 205 189 189 193 198 200 209 211 215 218 220
-32768 -32768 -32768 -32768 -32768 -32768 -32768 222 221 213 210 203 204 201 190 184 188 198 207 210 212 216 218 220
-32768 -32768 -32768 -32768 -32768 -32768 -32768 222 221 216 212 205 192 189 177 179 181 192 202 207 212 217 219 -32768
-32768 -32768 -32768 -32768 -32768 -32768 222 222 217 213 207 203 200 180 180 190 194 198 204 211 216 219 219 -32768
-32768 -32768 -32768 -32768 -32768 -32768 222 222 212 207 202 195 188 189 192 193 199 206 211 214 217 218 219 -32768
-32768 -32768 -32768 -32768 -32768 222 222 217 205 201 190 189 191 194 199 204 203 207 210 215 217 219 219 -32768
-32768 -32768 -32768 -32768 -32768 222 219 207 208 192 185 185 194 200 205 208 212 211 211 218 218 219 220 220
-32768 -32768 -32768 -32768 -32768 222 218 212 200 194 190 180 184 200 208 211 209 212 215 216 218 220 220 -32768
-32768 -32768 -32768 -32768 -32768 223 221 211 200 198 178 179 183 199 206 206 205 207 210 212 219 -32768 -32768 -32768
-32768 -32768 -32768 -32768 222 222 222 205 199 194 187 179 183 194 199 202 198 203 209 214 219 -32768 -32768 -32768
-32768 -32768 -32768 -32768 223 222 220 214 209 204 200 200 186 190 197 194 190 199 206 213 220 -32768 -32768 -32768
-32768 -32768 -32768 223 223 218 212 216 217 209 202 186 186 189 192 186 188 196 206 215 217 -32768 -32768 -32768
-32768 -32768 -32768 223 223 222 212 210 213 208 201 192 184 188 182 185 196 201 209 215 220 219 -32768 -32768
-32768 -32768 -32768 -32768 223 222 211 216 214 208 199 188 178 186 186 191 197 205 211 216 220 -32768 -32768 -32768
-32768 -32768 -32768 -32768 223 222 221 218 211 204 192 194 194 201 195 199 206 213 215 218 221 -32768 -32768 -32768
-32768 -32768 -32768 -32768 223 222 219 220 213 199 200 202 203 206 207 212 211 214 218 220 -32768 -32768 -32768 -32768
-32768 -32768 -32768 -32768 -32768 222 222 213 212 211 207 206 210 213 213 212 215 217 218 221 -32768 -32768 -32768 -32768
-32768 -32768 -32768 -32768 223 221 219 213 214 211 211 212 214 218 218 217 218 219 221 -32768 -32768 -32768 -32768 -32768
-32768 -32768 223 223 223 222 218 221 216 220 217 215 218 221 219 219 221 221 -32768 -32768 -32768 -32768 -32768 -32768
-32768 223 223 223 222 220 222 219 218 221 222 222 221 221 222 222 -32768 -32768 -32768 -32768 -32768 -32768 -32768 -32768
223 223 222 221 222 221 220 222 218 222 222 222 222 222 -32768 -32768 -32768 -32768 -32768 -32768 -32768 -32768 -32768 -32768
223 222 223 222 222 221 222 222 222 221 222 -32768 -32768 -32768 -32768 -32768 -32768 -32768 -32768 -32768 -32768 -32768 -32768 -32768
-32768 223 -32768 -32768 223 222 -32768 -32768 -32768 -32768 222 -32768 -32768 -32768 -32768 -32768 -32768 -32768 -32768 -32768 -32768 -32768 -32768 -32768
-32768 -32768 -32768 -32768 -32768 -32768 -32768 -32768 -32768 -32768 -32768 -32768 -32768 -32768 -32768 -32768 -32768 -32768 -32768 -32768 -32768 -32768 -32768 -32768
