Future/Seventy/ppt.dry.month.45.asc
NCOLS 24 
NROWS 30 
XLLCORNER -61.8 
YLLCORNER 11.983333333 
CELLSIZE 0.00833333333333316 
NODATA_value -9999 
-9999.000000000000000 -9999 -9999 -9999 -9999 -9999 -9999 -9999 -9999 -9999 -9999 -9999 -9999 34 34 35.0000001599992 37.0000000799983 35.0000002000017 35.00000004 36.0000000399992 36.00000012 37.0000001199992 37 -9999
-9999 -9999 -9999 -9999 -9999 -9999 -9999 -9999 -9999 -9999 -9999 -9999 34 34.00000012 34.00000016 38.9999999199957 39 39.9999999199991 36.0000000400034 36.9999999999991 38.9999999999983 39.9999999999991 37.0000000000026 37
-9999 -9999 -9999 -9999 -9999 -9999 -9999 -9999 -9999 -9999 -9999 33.99999996 34.00000008 37.0000001599975 38.0000001599992 37.0000000800009 39.0000000399983 38.0000001200009 37.0000000800009 37.00000004 38.9999999199983 39.9999999199991 37.0000000400026 37.4999999999996
-9999 -9999 -9999 -9999 -9999 -9999 -9999 -9999 -9999 -9999 33 33.00000004 36.0000000399974 41.0000000399957 42.0000000399992 39.0000000800026 40.0000001199992 41.0000000399992 39.0000000400017 38.0000000800009 37.0000000800009 37.9999999999992 38 38
-9999 -9999 -9999 -9999 -9999 -9999 -9999 -9999 -9999 32 33.00000016 34.00000008 37.0000000799974 42.0000001199957 43.0000001599992 41.0000001600017 43.0000000799983 42.0000000400009 40.0000000400017 40.00000004 39.0000000400009 38.0000000000009 38 37.0000000000009
-9999 -9999 -9999 -9999 -9999 -9999 -9999 -9999 32 32.00000016 37.00000008 36.0000002 38.9999999999974 44.9999998799949 47.0000001199983 45.0000002000017 45.00000012 43.0000001200017 41.0000001600017 41 40.0000000000009 38.0000000000017 38 37.0000000000009
-9999 -9999 -9999 -9999 -9999 -9999 -9999 -9999 32 36.00000004 39 41.00000008 39.0000001200017 42.0000000799974 49.9999999599932 50.00000008 48.0000000800017 46.0000000000017 44.9999998800008 41.0000000000034 40.0000000000009 38.0000000000017 38 37.0000000000009
-9999 -9999 -9999 -9999 -9999 -9999 -9999 30.99999996 31.99999996 36.99999988 38.99999992 42.99999992 42.0000002000009 44.0000001599983 49.0000001999958 52.0000000399975 50.0000000800017 46.0000000400034 42.0000000400034 41.0000000000009 39.9999999200009 37.9999999600017 37.99999992 37.0000000000009
-9999 -9999 -9999 -9999 -9999 -9999 -9999 30 31.00000008 34.00000008 37.00000008 41.00000004 46.9999998399949 48.0000001599992 53.9999999599949 52.9999998000008 51.9999997600008 46.9999998800042 42.9999999600034 40.9999999200017 37.9999999600026 36.9999999600008 36.0000000000008 36
-9999 -9999 -9999 -9999 -9999 -9999 30 30 33.00000016 36.00000012 39.00000012 42.00000012 43.0000001999992 51.9999998399923 52.9999997599991 47.9999999200043 45.9999999200017 43.9999998800017 41.9999998400017 38.9999999200026 37.0000000000017 36.0000000000009 36 36
-9999 -9999 -9999 -9999 -9999 -9999 29.99999996 30.00000012 37.00000012 39.00000012 42.00000024 45.00000012 47.9999999599974 47.99999992 46.9999998400008 45.9999998400008 43.9999999200017 40.9999999600026 38.0000000400026 37.0000000000009 36.99999996 36.0000000000009 36 36
-9999 -9999 -9999 -9999 -9999 29 29.00000008 33.00000024 39.99999996 42.00000016 48.00000004 48.00000004 46.9999999600008 45.9999998800008 42.9999999200026 41.9999999200008 41.99999984 39.9999999200017 38.9999999600009 36.9999999600017 36.0000000000009 36 36 36
-9999 -9999 -9999 -9999 -9999 29 31.00000004 38.99999988 39.00000016 45.99999996 48.99999992 49.00000008 46.0000001600026 43.0000000000026 40.9999999600017 39.9999999600008 38.0000000800017 38 37.99999996 36.0000000400017 36 35.99999996 35.99999996 36
-9999 -9999 -9999 -9999 -9999 29 31.99999988 36.00000004 42.99999996 44.99999992 47.00000024 51.00000004 50.0000000400008 43.000000000006 40.0000000400026 39.0000000800009 40.0000000399992 38.0000000800017 37.0000001200009 37.00000004 35.9999999600008 35.0000000000009 35 -9999
-9999 -9999 -9999 -9999 -9999 29 29 37.00000012 42.00000004 43.00000008 52.9999998 52 50.9999999600008 43.0000001200068 41.0000000800017 41.00000008 41.00000012 40.0000001200009 40 37.9999999600017 35.0000000000026 35 -9999 -9999
-9999 -9999 -9999 -9999 28 29 29.00000004 39.9999998 42.99999984 44.99999984 47.9999998 51.99999964 49.9999999600017 46.0000000400034 43.0000000800026 43.00000012 44.0000001199992 43.0000000400009 40.0000000400026 37.0000000400026 35.0000000000017 35 -9999 -9999
-9999 -9999 -9999 -9999 28 29.00000012 30.00000024 34.99999992 38.99999976 40.99999992 42.99999996 43.00000024 48.9999999999949 47.0000000400017 45.0000000400017 46.0000001199992 47.0000000399991 44.0000000400026 41.0000000000026 37.9999999600026 35.0000000400026 35.4999999999996 -9999 -9999
-9999 -9999 -9999 26.99999996 27.99999996 31.99999984 35.99999996 33.00000012 33.00000008 38.99999996 41.99999996 48.9999998 48.99999996 47.9999999600009 46.0000001200017 48.9999999599974 47.9999998000008 44.9999998800025 40.9999998800034 36.9999999600034 35.9999999200008 34.0000000000017 -9999 -9999
-9999 -9999 -9999 26 27 28 35.00000004 35.99999984 34.99999996 38 41 44.00000012 48.0000001199966 47.0000000400009 48.9999999199983 47.9999998800008 43.0000000000043 41.9999999200008 38.0000000000034 35.9999999600017 33.9999999600017 34 -9999 -9999
-9999 -9999 -9999 -9999 27 28 35.99999972 31.99999996 34.00000008 38.00000004 41.00000012 46.99999988 50.9999997199966 47.9999997200025 46.9999998800008 44.9999998800017 42.9999998400017 39.9999998400026 37.9999998800017 34.9999999600026 32.9999999600017 32.5000000000004 -9999 -9999
-9999 -9999 -9999 -9999 27 28 29.00000004 30.99999996 36 39.00000008 43.99999988 43.99999984 43.99999984 40.9999999200025 43.9999997999974 41.9999998000017 38.9999999200026 36.0000000000026 34.9999999600008 33.9999999600008 32.0000000000017 -9999 -9999 -9999
-9999 -9999 -9999 -9999 27 28 29.99999992 30.00000024 36 40.9999998 40.99999988 39.99999996 39.99999988 38.9999998800008 38.99999988 37.0000000000017 36.99999992 35.9999999200008 34.0000000000017 32.9999999600009 32.5000000000004 -9999 -9999 -9999
-9999 -9999 -9999 -9999 -9999 28.00000004 28.00000008 36 35.99999996 36.00000004 37.99999996 38.99999988 36.9999999200017 35.9999998800008 35.99999988 36.9999998399991 34.9999999200017 33.9999999200009 33.99999992 32.0000000000017 -9999 -9999 -9999 -9999
-9999 -9999 -9999 28 28 28.99999996 30.00000004 35.99999972 34.99999992 36.99999972 36.99999984 35.99999992 34.9999999200008 32.9999999200017 32.99999996 32.99999996 32.99999992 31.9999999600008 32 -9999 -9999 -9999 -9999 -9999
-9999 -9999 27 28 28 28.00000004 30.99999992 29.00000004 32.99999992 30 32.99999988 33.99999984 32.9999999200008 31.0000000000017 31.9999999599991 31.99999996 31.0000000000009 31 -9999 -9999 -9999 -9999 -9999 -9999
27 27 27.00000004 28.00000004 28 29 29.00000004 29.99999996 31 29.99999996 30 30 30.9999999599991 30.99999996 31 31 -9999 -9999 -9999 -9999 -9999 -9999 -9999 -9999
27 27.00000004 28 28.99999996 28 29 29.99999996 29 30.99999992 29.00000004 30 30 30 30 -9999 -9999 -9999 -9999 -9999 -9999 -9999 -9999 -9999 -9999
27 27.99999996 28 28 27.99999996 28.99999996 29 29 29 30 29.99999996 29.5 -9999 -9999 -9999 -9999 -9999 -9999 -9999 -9999 -9999 -9999 -9999 -9999
-9999 27 -9999 -9999 27 28 -9999 -9999 -9999 -9999 29 -9999 -9999 -9999 -9999 -9999 -9999 -9999 -9999 -9999 -9999 -9999 -9999 -9999
-9999 -9999 -9999 -9999 -9999 28 -9999 -9999 -9999 -9999 -9999 -9999 -9999 -9999 -9999 -9999 -9999 -9999 -9999 -9999 -9999 -9999 -9999 -9999
