Future/Seventy/ppt.dry.month.85.asc
NCOLS 24 
NROWS 30 
XLLCORNER -61.8 
YLLCORNER 11.983333333 
CELLSIZE 0.00833333333333316 
NODATA_value -9999 
-9999.000000000000000 -9999 -9999 -9999 -9999 -9999 -9999 -9999 -9999 -9999 -9999 -9999 -9999 35.9999999999991 36 36.00000016 39.0000000799975 37.0000002000017 37.00000004 37.9999999999992 38.00000012 38.00000016 38.9999999999992 -9999
-9999 -9999 -9999 -9999 -9999 -9999 -9999 -9999 -9999 -9999 -9999 -9999 35 36.0000000799991 36.00000016 39.9999999599966 40.9999999999991 41.9999999199991 38.0000000400034 38.00000004 40.9999999999974 41.9999999999991 39.0000000000026 39
-9999 -9999 -9999 -9999 -9999 -9999 -9999 -9999 -9999 -9999 -9999 35 35.00000012 38.0000001999975 40.0000001599983 39.0000000400009 41.0000000399983 40.0000001200009 39.0000000800009 39.00000004 40.9999999199983 41.9999999199991 39.0000000400026 39.4999999999996
-9999 -9999 -9999 -9999 -9999 -9999 -9999 -9999 -9999 -9999 35 35 38.0000000399974 43.0000000399957 44.0000000399992 40.0000000800034 42.0000001199983 43.0000000399992 41.0000000400017 40.0000000800009 39.0000000800009 39.9999999999992 40 40
-9999 -9999 -9999 -9999 -9999 -9999 -9999 -9999 -9999 34 35.00000016 35.00000008 39.0000000399966 44.0000001199957 45.0000001999992 42.0000002000026 45.0000000799974 44.0000000400009 42.0000000400017 42.00000004 41.0000000400009 40.0000000000009 40 39.0000000000009
-9999 -9999 -9999 -9999 -9999 -9999 -9999 -9999 33 34.00000012 39.00000008 37.0000002 39.9999999999974 46.999999879994 50.0000000799974 47.0000002000026 47.00000016 45.0000001200017 43.0000001600017 43 42.0000000000009 40.0000000000017 40 39.0000000000009
-9999 -9999 -9999 -9999 -9999 -9999 -9999 -9999 33 37.00000008 41 42.00000012 40.0000001600017 44.0000000799966 51.9999999599932 52.00000012 51.0000000800009 48.0000000000026 46.9999998800008 43.0000000000034 42.0000000000009 40.0000000000017 40 39.0000000000009
-9999 -9999 -9999 -9999 -9999 -9999 -9999 32.99999992 32.99999996 38.99999988 40.99999988 44.99999992 44.0000002000009 46.0000001599983 51.0000001999958 54.9999999999966 53.0000000400017 48.0000000400043 44.0000000000034 43.0000000000009 41.9999999200008 39.9999999200017 39.99999992 39.0000000000009
-9999 -9999 -9999 -9999 -9999 -9999 -9999 31 32.00000012 36.00000008 38.00000012 43 48.9999998399949 50.0000001599992 55.9999999599949 54.9999998000008 53.9999997600008 48.9999998800043 44.0000000000043 42.9999999200008 39.9999999200026 38.0000000000017 38 38
-9999 -9999 -9999 -9999 -9999 -9999 31 31 35.00000012 38.00000012 41.00000008 43.00000016 45.0000001999983 53.9999998399923 54.9999997599991 49.9999999200043 47.9999999200017 45.9999998800017 43.9999998400017 40.9999999200026 38.0000000000026 38 38 38
-9999 -9999 -9999 -9999 -9999 -9999 30.99999996 31.00000016 38.00000012 41.00000012 43.00000028 47.00000012 49.9999999599974 49.99999992 48.9999998400008 47.9999998000008 45.9999999200017 42.9999999600026 40.0000000400026 39.0000000000009 38.0000000000009 38 38 38
-9999 -9999 -9999 -9999 -9999 30 30.00000008 35.00000024 40.99999996 44.00000016 50.00000004 50.00000004 48.9999999600008 47.9999998800008 44.9999999200026 42.9999999200017 43.9999997999991 41.9999999200017 40.9999999600008 38.9999999600017 38.0000000000009 38 38 38
-9999 -9999 -9999 -9999 -9999 30 32.00000004 40.99999988 40.0000002 47.99999996 50.99999992 51.00000008 48.0000001600026 45.0000000000026 42.9999999200017 40.9999999600017 39.0000000800017 39.9999999599991 39.99999992 38.0000000000017 38 37.99999996 37.99999996 38
-9999 -9999 -9999 -9999 -9999 30 32.99999988 38 44.99999996 46.99999992 49.00000024 53.00000004 52.0000000400008 45.000000000006 41.0000000800034 40.0000001200009 41.0000000799992 39.0000001200017 38.0000001200009 38.00000008 37.99999996 37.0000000000009 37 -9999
-9999 -9999 -9999 -9999 -9999 30 30 38.00000012 44.00000004 45.00000008 54.9999998 54 52.9999999600008 45.0000001200068 43.0000000800017 43.00000008 43.00000012 42.0000000800009 41.0000000000009 39.9999999600009 37.0000000000026 37 -9999 -9999
-9999 -9999 -9999 -9999 29 30 30.00000004 40.9999998 44.9999998 46.99999984 49.9999998 53.99999964 51.9999999600017 48.0000000400034 45.0000000400026 45.00000012 46.0000001199992 44.0000000800017 41.0000000800026 39.0000000000017 36.9999999600017 36.5000000000004 -9999 -9999
-9999 -9999 -9999 -9999 29 30.00000012 31.00000028 35.99999996 39.99999976 42.99999988 44.99999996 45.00000024 50.9999999999949 49.0000000400017 46.0000000800026 48.0000001199983 49.0000000399992 46.0000000400026 43.0000000000026 39.0000000000034 36.0000000800026 36.9999999999991 -9999 -9999
-9999 -9999 -9999 27.99999996 28.99999996 32.9999998 37.99999992 35.00000008 34.00000008 39.99999996 43.99999992 50.9999998 50.99999992 49.9999999200009 48.0000001200017 50.9999999199974 49.9999998000008 46.9999998400025 42.9999998800034 38.9999999200034 37.9999998800008 35.0000000000026 -9999 -9999
-9999 -9999 -9999 27 28 28 36.00000004 36.99999984 36 39 42.00000004 46.00000008 49.0000001599975 48.0000000400009 50.9999999199974 48.9999999200017 45.0000000000034 42.9999999600017 39.9999999600026 37.0000000000026 34.9999999600017 35 -9999 -9999
-9999 -9999 -9999 -9999 28 28 36.99999972 32.99999996 36.00000004 39.00000004 43.00000012 47.99999988 52.9999997199957 48.9999997600034 48.99999984 46.9999998400017 44.9999998400017 41.9999998400025 38.9999999200026 36.9999999200017 34.0000000000026 34 -9999 -9999
-9999 -9999 -9999 -9999 28 28 30.00000004 31.99999996 37 40.00000012 45.99999988 44.99999988 45.9999998399991 42.9999998800025 44.9999997999983 42.9999998000017 40.9999999200017 37.9999999600026 36.9999999200008 34.9999999600017 34.0000000000009 -9999 -9999 -9999
-9999 -9999 -9999 -9999 28 28 30.99999992 31.00000024 37 42.99999976 42.99999988 41.99999992 41.99999988 39.9999998800017 39.99999988 38.0000000000017 38.9999998799991 36.9999999200017 35.0000000000017 33.9999999600009 33.5000000000004 -9999 -9999 -9999
-9999 -9999 -9999 -9999 -9999 28.00000008 29.00000008 37 36.99999996 37.00000004 39.99999992 39.99999988 38.9999998800008 36.9999998800017 36.99999988 37.9999998399991 35.9999999200017 34.9999999600008 34.99999992 33.0000000000017 -9999 -9999 -9999 -9999
-9999 -9999 -9999 28 28 29.99999996 31.00000004 36.99999972 35.99999992 37.99999972 37.99999984 36.99999992 35.9999999200008 33.9999999200017 33.99999996 33.99999996 33.99999996 33.99999996 33.0000000000009 -9999 -9999 -9999 -9999 -9999
-9999 -9999 28 28 28 29.00000004 31.99999992 30.00000004 33.99999996 31 33.99999988 34.99999984 33.9999999200008 32.0000000000017 32.9999999599992 32.99999996 33 33 -9999 -9999 -9999 -9999 -9999 -9999
28 28 28 28.00000008 28.00000004 30 30.00000004 30.99999996 33 30.99999996 31 31 31.9999999599991 31.99999996 32 32 -9999 -9999 -9999 -9999 -9999 -9999 -9999 -9999
28 28 28 29.99999996 29 30 30.99999996 30 32.99999988 30.00000004 31 31 31 31 -9999 -9999 -9999 -9999 -9999 -9999 -9999 -9999 -9999 -9999
28 27.99999996 28 29 28.99999996 29.99999996 30 30 30 31 30.99999996 30.5 -9999 -9999 -9999 -9999 -9999 -9999 -9999 -9999 -9999 -9999 -9999 -9999
-9999 27 -9999 -9999 28 29 -9999 -9999 -9999 -9999 30 -9999 -9999 -9999 -9999 -9999 -9999 -9999 -9999 -9999 -9999 -9999 -9999 -9999
-9999 -9999 -9999 -9999 -9999 29 -9999 -9999 -9999 -9999 -9999 -9999 -9999 -9999 -9999 -9999 -9999 -9999 -9999 -9999 -9999 -9999 -9999 -9999
