Climate_risk_model/Land_use/soil.raster.desc.asc
NCOLS 24 
NROWS 30 
XLLCORNER -61.8 
YLLCORNER 11.9833333333333 
CELLSIZE 0.00833333333333345 
NODATA_value -9999 
-9999.000000000000000 -9999 -9999 -9999 -9999 -9999 -9999 -9999 -9999 -9999 -9999 -9999 -9999 -9999 -9999 -9999 92 47 -9999 -9999 -9999 112 -9999 -9999
-9999 -9999 -9999 -9999 -9999 -9999 -9999 -9999 -9999 -9999 -9999 -9999 -9999 -9999 47 47 47 47 12 62 62 27 236 -9999
-9999 -9999 -9999 -9999 -9999 -9999 -9999 -9999 -9999 -9999 -9999 -9999 -9999 213 225 220 47 183 193 33 92 92 92 -9999
-9999 -9999 -9999 -9999 -9999 -9999 -9999 -9999 -9999 -9999 -9999 -9999 46 46 213 173 193 193 193 193 90 90 92 -9999
-9999 -9999 -9999 -9999 -9999 -9999 -9999 -9999 -9999 -9999 -9999 222 46 46 213 213 193 193 181 193 9 181 22 -9999
-9999 -9999 -9999 -9999 -9999 -9999 -9999 -9999 -9999 -9999 54 180 222 213 213 213 181 181 180 181 181 184 28 -9999
-9999 -9999 -9999 -9999 -9999 -9999 -9999 -9999 -9999 59 59 213 213 213 213 213 193 193 193 193 193 9 28 -9999
-9999 -9999 -9999 -9999 -9999 -9999 -9999 -9999 -9999 47 213 213 213 213 213 213 213 183 193 193 193 188 176 90
-9999 -9999 -9999 -9999 -9999 -9999 -9999 -9999 74 203 223 213 213 213 213 213 213 193 193 180 180 180 64 -9999
-9999 -9999 -9999 -9999 -9999 -9999 -9999 -9999 217 226 149 149 213 213 149 149 193 193 193 193 210 156 23 -9999
-9999 -9999 -9999 -9999 -9999 -9999 -9999 226 226 149 149 149 149 149 149 149 149 193 193 181 211 218 233 -9999
-9999 -9999 -9999 -9999 -9999 -9999 -9999 220 127 127 149 132 132 132 132 149 149 176 193 6 172 155 18 -9999
-9999 -9999 -9999 -9999 -9999 -9999 111 46 46 132 132 132 132 132 121 121 8 213 117 6 92 151 24 -9999
-9999 -9999 -9999 -9999 -9999 59 46 46 46 46 132 132 132 132 132 8 132 132 15 119 51 -9999 -9999 -9999
-9999 -9999 -9999 -9999 -9999 -9999 47 80 61 61 132 132 132 132 132 132 131 119 119 92 88 -9999 -9999 -9999
-9999 -9999 -9999 -9999 -9999 -9999 105 47 132 132 132 132 132 132 132 132 132 132 132 158 33 -9999 -9999 -9999
-9999 -9999 -9999 -9999 -9999 6 47 47 132 132 132 132 132 132 132 132 132 119 119 160 91 -9999 -9999 -9999
-9999 -9999 -9999 -9999 73 47 109 92 47 132 132 132 132 132 132 132 132 132 117 157 157 -9999 -9999 -9999
-9999 -9999 -9999 -9999 -9999 103 47 47 47 74 132 132 132 132 132 132 132 132 132 165 32 61 -9999 -9999
-9999 -9999 -9999 -9999 -9999 104 47 105 90 27 132 132 132 132 132 132 132 128 155 157 16 -9999 -9999 -9999
-9999 -9999 -9999 -9999 -9999 241 44 73 74 132 132 132 132 132 132 132 119 122 119 38 61 -9999 -9999 -9999
-9999 -9999 -9999 -9999 -9999 241 40 92 109 132 123 132 132 120 120 119 119 119 33 -9999 -9999 -9999 -9999 -9999
-9999 -9999 -9999 -9999 -9999 -9999 241 32 117 123 120 123 132 123 132 132 192 33 58 -9999 -9999 -9999 -9999 -9999
-9999 -9999 -9999 -9999 -9999 38 40 40 94 32 122 120 123 73 33 33 33 33 -9999 -9999 -9999 -9999 -9999 -9999
-9999 -9999 -9999 -9999 -9999 38 27 40 32 26 32 32 70 2 32 40 33 -9999 -9999 -9999 -9999 -9999 -9999 -9999
-9999 -9999 -9999 32 32 32 40 40 40 40 32 4 32 11 32 -9999 -9999 -9999 -9999 -9999 -9999 -9999 -9999 -9999
-9999 -9999 32 67 65 32 32 40 40 -9999 -9999 -9999 -9999 -9999 -9999 -9999 -9999 -9999 -9999 -9999 -9999 -9999 -9999 -9999
233 233 233 67 32 -9999 32 -9999 40 40 40 -9999 -9999 -9999 -9999 -9999 -9999 -9999 -9999 -9999 -9999 -9999 -9999 -9999
-9999 -9999 -9999 -9999 -9999 -9999 -9999 -9999 32 -9999 -9999 -9999 -9999 -9999 -9999 -9999 -9999 -9999 -9999 -9999 -9999 -9999 -9999 -9999
-9999 21 -9999 -9999 -9999 -9999 -9999 -9999 -9999 -9999 -9999 -9999 -9999 -9999 -9999 -9999 -9999 -9999 -9999 -9999 -9999 -9999 -9999 -9999
