Climate_risk_model/Land_use/soil.raster.code.asc
NCOLS 24 
NROWS 30 
XLLCORNER -61.8 
YLLCORNER 11.9833333333333 
CELLSIZE 0.00833333333333345 
NODATA_value -9999 
-9999.000000000000000 -9999 -9999 -9999 -9999 -9999 -9999 -9999 -9999 -9999 -9999 -9999 -9999 -9999 -9999 -9999 113 59 -9999 -9999 -9999 134 -9999 -9999
-9999 -9999 -9999 -9999 -9999 -9999 -9999 -9999 -9999 -9999 -9999 -9999 -9999 -9999 59 59 59 59 12 80 80 33 0 -9999
-9999 -9999 -9999 -9999 -9999 -9999 -9999 -9999 -9999 -9999 -9999 -9999 -9999 235 247 242 59 205 215 41 113 113 113 -9999
-9999 -9999 -9999 -9999 -9999 -9999 -9999 -9999 -9999 -9999 -9999 -9999 58 58 235 195 215 215 215 215 111 111 113 -9999
-9999 -9999 -9999 -9999 -9999 -9999 -9999 -9999 -9999 -9999 -9999 244 58 58 235 235 215 215 203 215 9 203 27 -9999
-9999 -9999 -9999 -9999 -9999 -9999 -9999 -9999 -9999 -9999 68 202 244 235 235 235 203 203 202 203 203 206 34 -9999
-9999 -9999 -9999 -9999 -9999 -9999 -9999 -9999 -9999 76 76 235 235 235 235 235 215 215 215 215 215 9 34 -9999
-9999 -9999 -9999 -9999 -9999 -9999 -9999 -9999 -9999 59 235 235 235 235 235 235 235 205 215 215 215 210 198 111
-9999 -9999 -9999 -9999 -9999 -9999 -9999 -9999 95 225 245 235 235 235 235 235 235 215 215 202 202 202 82 -9999
-9999 -9999 -9999 -9999 -9999 -9999 -9999 -9999 239 248 171 171 235 235 171 171 215 215 215 215 232 178 28 -9999
-9999 -9999 -9999 -9999 -9999 -9999 -9999 248 248 171 171 171 171 171 171 171 171 215 215 203 233 240 0 -9999
-9999 -9999 -9999 -9999 -9999 -9999 -9999 242 149 149 171 154 154 154 154 171 171 198 215 6 194 177 18 -9999
-9999 -9999 -9999 -9999 -9999 -9999 133 58 58 154 154 154 154 154 143 143 8 235 139 6 113 173 29 -9999
-9999 -9999 -9999 -9999 -9999 76 58 58 58 58 154 154 154 154 154 8 154 154 15 141 64 -9999 -9999 -9999
-9999 -9999 -9999 -9999 -9999 -9999 59 101 78 78 154 154 154 154 154 154 153 141 141 113 109 -9999 -9999 -9999
-9999 -9999 -9999 -9999 -9999 -9999 127 59 154 154 154 154 154 154 154 154 154 154 154 180 41 -9999 -9999 -9999
-9999 -9999 -9999 -9999 -9999 6 59 59 154 154 154 154 154 154 154 154 154 141 141 182 112 -9999 -9999 -9999
-9999 -9999 -9999 -9999 94 59 131 113 59 154 154 154 154 154 154 154 154 154 139 179 179 -9999 -9999 -9999
-9999 -9999 -9999 -9999 -9999 125 59 59 59 95 154 154 154 154 154 154 154 154 154 187 40 78 -9999 -9999
-9999 -9999 -9999 -9999 -9999 126 59 127 111 33 154 154 154 154 154 154 154 150 177 179 16 -9999 -9999 -9999
-9999 -9999 -9999 -9999 -9999 0 53 94 95 154 154 154 154 154 154 154 141 144 141 46 78 -9999 -9999 -9999
-9999 -9999 -9999 -9999 -9999 0 48 113 131 154 145 154 154 142 142 141 141 141 41 -9999 -9999 -9999 -9999 -9999
-9999 -9999 -9999 -9999 -9999 -9999 0 40 139 145 142 145 154 145 154 154 214 41 73 -9999 -9999 -9999 -9999 -9999
-9999 -9999 -9999 -9999 -9999 46 48 48 115 40 144 142 145 94 41 41 41 41 -9999 -9999 -9999 -9999 -9999 -9999
-9999 -9999 -9999 -9999 -9999 46 33 48 40 32 40 40 88 2 40 48 41 -9999 -9999 -9999 -9999 -9999 -9999 -9999
-9999 -9999 -9999 40 40 40 48 48 48 48 40 4 40 11 40 -9999 -9999 -9999 -9999 -9999 -9999 -9999 -9999 -9999
-9999 -9999 40 85 83 40 40 48 48 -9999 -9999 -9999 -9999 -9999 -9999 -9999 -9999 -9999 -9999 -9999 -9999 -9999 -9999 -9999
0 0 0 85 40 -9999 40 -9999 48 48 48 -9999 -9999 -9999 -9999 -9999 -9999 -9999 -9999 -9999 -9999 -9999 -9999 -9999
-9999 -9999 -9999 -9999 -9999 -9999 -9999 -9999 40 -9999 -9999 -9999 -9999 -9999 -9999 -9999 -9999 -9999 -9999 -9999 -9999 -9999 -9999 -9999
-9999 26 -9999 -9999 -9999 -9999 -9999 -9999 -9999 -9999 -9999 -9999 -9999 -9999 -9999 -9999 -9999 -9999 -9999 -9999 -9999 -9999 -9999 -9999
