Climate_risk_model/Current_clim/fire.asc
NCOLS 24 
NROWS 30 
XLLCORNER -61.8 
YLLCORNER 11.983333333 
CELLSIZE 0.00833333333333316 
NODATA_value -9999 
-9999.000000000000000 -9999 -9999 -9999 -9999 -9999 -9999 -9999 -9999 -9999 -9999 -9999 -9999 -9999 0.261500872316817 0.207994759135199 0.121092712179549 0.0972749545292406 0.107086000563535 0.129568612191163 0.149602308783237 0.219049742137498 0.195179108346751 0.278697764873509
-9999 -9999 -9999 -9999 -9999 -9999 -9999 -9999 -9999 -9999 -9999 -9999 -9999 0.168275272539408 0.20427654699624 0.147743110434865 0.157361636743682 0.109794566527787 0.0783865010867247 0.0922346177484236 0.171312789722679 0.241842018713486 0.183850427622659 0.265655335732853
-9999 -9999 -9999 -9999 -9999 -9999 -9999 -9999 -9999 -9999 -9999 -9999 0.141406690882962 0.119863614799836 0.114941782098537 0.0849990820129201 0.0894016186612378 0.0748104331193255 0.0693870590913514 0.0643422529658647 0.0964677765914162 0.127156271788553 0.150586191921888 -9999
-9999 -9999 -9999 -9999 -9999 -9999 -9999 -9999 -9999 -9999 -9999 0.130582923160118 0.147908919034575 0.187084593007544 0.124400277974403 0.0710407149052328 0.0955374504545558 0.121541905642058 0.0957088497619646 0.0754779838362576 0.0826309057506198 0.0832490468455099 0.0969446991056425 0.191934291294055
-9999 -9999 -9999 -9999 -9999 -9999 -9999 -9999 -9999 -9999 0.09955610514022 0.112728200217029 0.166706129903626 0.191902018280774 0.151690497547237 0.134769678384713 0.112383559871413 0.145918397343222 0.0962795997740869 0.0783736302412682 0.0701678678920852 0.0770935231155428 0.114104291597276 0.240869396971505
-9999 -9999 -9999 -9999 -9999 -9999 -9999 -9999 -9999 0.149578606091147 0.106912380151939 0.0688346520943848 0.0936453755003506 0.157308104553546 0.224127453119798 0.240704994992251 0.141625886121495 0.103683499536689 0.0793752001027841 0.0710264748806748 0.0756987280306719 0.0933321766946194 0.0925685400779237 0.145260670690691
-9999 -9999 -9999 -9999 -9999 -9999 -9999 -9999 0.23199571824072 0.181252957711786 0.139372355254853 0.0935240146131276 0.0993111574565791 0.158502224450833 0.237854519959017 0.250980377197266 0.227131364006518 0.172533126955581 0.091856245895888 0.0809282744349253 0.101162957446804 0.12999178453292 0.103984419335556 0.159190539066391
-9999 -9999 -9999 -9999 -9999 -9999 -9999 0.243055552244186 0.214892964186265 0.193963766751928 0.201866338303196 0.206363053095586 0.22734187429015 0.232546563363512 0.248461084394615 0.258708431780355 0.334426296039505 0.311216964057048 0.194341465542341 0.172883535885566 0.196666205846083 0.193372344535656 0.182876464824457 0.242614922915906
-9999 -9999 -9999 -9999 -9999 -9999 -9999 0.223752120789212 0.199740371086092 0.208091230615536 0.208941126247237 0.217343881727344 0.249001041563612 0.255881988439153 0.279617760387547 0.354158374124027 0.367346538077566 0.294255752074023 0.212584949997917 0.200509189530994 0.204912412611073 0.200377461708684 0.246693945079677 0.285708480122664
-9999 -9999 -9999 -9999 -9999 -9999 -9999 0.228548666143959 0.19342758652556 0.226694386244302 0.254086839393165 0.204747509500837 0.225916641239282 0.325303741383831 0.368807044740338 0.342336753729298 0.316462950716404 0.290721753238665 0.188620326962536 0.175534132206497 0.187182909637034 0.22368436218689 0.334528780328348 0.313799482254633
-9999 -9999 -9999 -9999 -9999 -9999 0.261896085459924 0.242784937448531 0.231915016575701 0.259966462042071 0.358986786331916 0.270241708534886 0.235570477721737 0.300907048587784 0.326438016013452 0.279409217741501 0.233061958184417 0.216690385631366 0.184043725040601 0.182288824692529 0.184344730950757 0.206845997405448 0.286014520063291 0.25
-9999 -9999 -9999 -9999 -9999 -9999 0.256246276313467 0.270925107898723 0.316460872513232 0.292391524513895 0.362810619655141 0.3240838669635 0.247566781980965 0.233517439205889 0.213724756475494 0.223942875690431 0.196856477758996 0.181171032990784 0.187687788023136 0.203332831147162 0.193958665195005 0.193967727625469 0.267458437062947 -9999
-9999 -9999 -9999 -9999 -9999 0.271249033581424 0.261279746672808 0.27100960228995 0.340602608405397 0.364927622600676 0.375396775415107 0.360507881835753 0.28513736786833 0.237877264460507 0.217423828466363 0.200996869860613 0.200852386164347 0.187298508939439 0.195563363294561 0.209255179567131 0.19338300446855 0.199292131016347 0.261059479075001 0.371404979378153
-9999 -9999 -9999 -9999 -9999 0.35188708675048 0.237362717138637 0.233674260683891 0.301311606527405 0.374614553626629 0.375980377197266 0.373197616697685 0.326756800756912 0.259897375880944 0.21706596172978 0.200204919651916 0.230268560358315 0.199947720672297 0.18776557909968 0.186985793323244 0.202949064328765 0.206668616405754 0.250816440052806 0.384475782781685
-9999 -9999 -9999 -9999 -9999 0.340589433711638 0.223149872358112 0.254141005584645 0.329905064341978 0.375239767923049 0.375980377197266 0.375980377197266 0.371382573551002 0.325942684530646 0.229541611733688 0.218903012265144 0.228784053305911 0.187803610644432 0.188345347444048 0.209062197509723 0.239618446090272 0.238341163064388 -9999 -9999
-9999 -9999 -9999 -9999 0.282750910662172 0.28721011512504 0.311796827280269 0.370323246035022 0.375257657990691 0.372598426885693 0.373749458209754 0.375429376290361 0.36704699629091 0.299396452252772 0.269008839297832 0.340457139908209 0.282236325468483 0.214055466847031 0.196368355764178 0.214646921695229 0.253075857407768 0.287629248079709 -9999 -9999
-9999 -9999 -9999 -9999 0.259315992701283 0.254763897588665 0.320110138749402 0.368164499862248 0.338415030073093 0.267670518682856 0.307385428156181 0.354523021911625 0.293595655106654 0.29275924759719 0.352913120602532 0.375306662624105 0.366842647419442 0.279933344688832 0.200099732980936 0.221360676023051 0.294310538553748 0.317518574845937 -9999 -9999
-9999 -9999 -9999 0.259283976557441 0.253887161766617 0.242927053160082 0.276476093324237 0.289899935104488 0.255770493143942 0.21234587034436 0.274161561427652 0.311779661588584 0.315109178932483 0.365346781610278 0.375567589959098 0.375938501188336 0.375617638638594 0.338887404806333 0.226288721880043 0.236611062965721 0.302735553955957 0.374129273565745 -9999 -9999
-9999 -9999 -9999 -9999 0.2559851643741 0.268854008307027 0.302636190802109 0.264696076300093 0.218537170066599 0.204769501384894 0.260890769738524 0.297613152650921 0.338653022248305 0.343412336321285 0.326143305351905 0.364695478845866 0.370964702328977 0.307863187896131 0.229247546390871 0.237797122155065 0.307105478484525 0.37739087553058 -9999 -9999
-9999 -9999 -9999 -9999 0.256146513660224 0.272660951207799 0.297849354264142 0.235185049731159 0.209800019610817 0.276634137928161 0.316891943700014 0.282250882003215 0.27707777107102 0.257041183354668 0.254786326737926 0.253964794516323 0.265899008603667 0.217263689884497 0.192093617755125 0.209761705733936 0.276412480482016 0.375267772841792 -9999 -9999
-9999 -9999 -9999 -9999 0.233105817817299 0.229548590644116 0.221220988706875 0.197138177967482 0.202958540832997 0.310573783122192 0.257760678421625 0.228344652662562 0.177246230659841 0.142319161898379 0.145328017571254 0.105550321233041 0.0913682121494592 0.125300014793539 0.177061651008687 0.239128588055471 0.356658830533094 0.353221180223255 -9999 -9999
-9999 -9999 -9999 -9999 0.215228811957845 0.199744095973872 0.176291865252028 0.184259567433291 0.189807025329823 0.214972919073551 0.102310655407662 0.0931537420212593 0.0800733414122475 0.0724668568799396 0.058609579344127 0.0486814547206688 0.0558423778298544 0.0590044070385523 0.0991521159167067 0.229387625688429 0.381535451643931 -9999 -9999 -9999
-9999 -9999 -9999 -9999 0.25724380210074 0.252761441899786 0.187350264960588 0.178914447389294 0.18364390829531 0.179257960456761 0.0584776383799713 0.0542458742690562 0.0756031183170774 0.0788582800833097 0.0600123626977344 0.0536945794781763 0.0957933876599693 0.136631742236923 0.16531730561343 0.240611536311598 -9999 -9999 -9999 -9999
-9999 -9999 -9999 -9999 0.230009951333732 0.215010570709754 0.191498886094157 0.197498352296723 0.202021604351592 0.157130739847137 0.0684325206691949 0.0660332352784382 0.0728201675987835 0.0773231447586582 0.0642392093421725 0.0608412487907601 0.137607131706659 0.245476903086172 0.299553290573223 -9999 -9999 -9999 -9999 -9999
-9999 -9999 -9999 0.241392543810269 0.252230065790002 0.231553759078253 0.219556212998252 0.19451079047354 0.185712220295689 0.0928131643791431 0.0533834704983319 0.0613729899964865 0.0705757919027376 0.0876957296033234 0.0772018736440294 0.113735579406211 0.229130234873185 0.276992748108603 0.292485728859805 -9999 -9999 -9999 -9999 -9999
-9999 -9999 0.234456363963758 0.218338719176361 0.208335637705663 0.201623354385879 0.222647612149183 0.196503433178848 0.190314870815542 0.144103949578966 0.0655441906528899 0.0733459317468905 0.0963451138877853 0.155830231451858 0.124933536555982 0.205322138750279 0.27929091069321 -9999 -9999 -9999 -9999 -9999 -9999 -9999
0.231016527636981 0.197168610574895 0.187166049511103 0.224998522325578 0.203752983920907 0.194477108760298 0.239728793010831 0.236666238495512 0.262725533232545 0.265794595101066 0.18276567083287 0.121120703517666 0.132676068630245 0.235397908892328 0.245272732228583 0.241234077344105 -9999 -9999 -9999 -9999 -9999 -9999 -9999 -9999
0.250321306321776 0.21057257365819 0.195453895386462 0.202415171384166 0.214264970735051 0.249758497130954 0.370097330920343 0.294985517043872 0.381740112784364 0.381445239890732 0.264969464250815 0.235691558791635 0.137976857444607 -9999 0.275256796143665 -9999 -9999 -9999 -9999 -9999 -9999 -9999 -9999 -9999
0.312500000000324 0.285549094674612 0.284268249394527 0.29033857519087 0.245010118220045 0.292261784213653 -9999 -9999 -9999 -9999 0.373401705485385 0.359871031343903 -9999 -9999 -9999 -9999 -9999 -9999 -9999 -9999 -9999 -9999 -9999 -9999
-9999 -9999 -9999 -9999 0.276159736722304 0.291414843155908 -9999 -9999 -9999 -9999 -9999 -9999 -9999 -9999 -9999 -9999 -9999 -9999 -9999 -9999 -9999 -9999 -9999 -9999
