Climate_risk_model/Current_clim/m.temp.dry.qrt.asc
NCOLS 24 
NROWS 30 
XLLCORNER -61.8 
YLLCORNER 11.9833333333333 
CELLSIZE 0.00833333333333345 
NODATA_value -32768 
-32768.000000000000000 -32768 -32768 -32768 -32768 -32768 -32768 -32768 -32768 -32768 -32768 -32768 -32768 -32768 266 266 261 265 265 265 265 265 -32768 -32768
-32768 -32768 -32768 -32768 -32768 -32768 -32768 -32768 -32768 -32768 -32768 -32768 266 266 266 259 258 257 265 263 260 258 265 -32768
-32768 -32768 -32768 -32768 -32768 -32768 -32768 -32768 -32768 -32768 -32768 266 266 261 260 261 257 260 263 263 259 259 264 -32768
-32768 -32768 -32768 -32768 -32768 -32768 -32768 -32768 -32768 -32768 266 266 262 254 252 258 256 254 259 260 263 262 263 -32768
-32768 -32768 -32768 -32768 -32768 -32768 -32768 -32768 -32768 267 267 265 259 252 250 256 251 253 257 257 260 263 262 -32768
-32768 -32768 -32768 -32768 -32768 -32768 -32768 -32768 267 267 259 262 257 246 242 247 246 251 255 254 257 261 263 264
-32768 -32768 -32768 -32768 -32768 -32768 -32768 -32768 268 261 256 254 258 251 236 236 239 245 247 255 257 261 263 264
-32768 -32768 -32768 -32768 -32768 -32768 -32768 268 267 258 256 250 250 248 237 230 235 245 253 256 258 261 263 264
-32768 -32768 -32768 -32768 -32768 -32768 -32768 268 267 261 258 251 238 236 224 226 228 238 249 253 258 262 265 -32768
-32768 -32768 -32768 -32768 -32768 -32768 268 268 263 259 253 250 246 227 226 237 241 245 250 257 261 264 265 -32768
-32768 -32768 -32768 -32768 -32768 -32768 268 268 258 253 249 242 234 236 239 240 246 253 257 260 262 263 265 -32768
-32768 -32768 -32768 -32768 -32768 268 268 262 252 248 236 236 238 241 246 250 250 254 256 260 262 264 264 -32768
-32768 -32768 -32768 -32768 -32768 269 265 254 254 239 232 231 241 247 252 255 258 257 257 264 263 264 265 264
-32768 -32768 -32768 -32768 -32768 268 264 258 247 240 237 227 231 247 254 257 255 258 261 262 263 265 265 -32768
-32768 -32768 -32768 -32768 -32768 268 267 257 247 245 225 226 230 246 252 252 252 253 256 258 265 -32768 -32768 -32768
-32768 -32768 -32768 -32768 268 268 268 252 246 241 233 227 230 240 246 249 245 250 255 260 265 -32768 -32768 -32768
-32768 -32768 -32768 -32768 268 268 266 260 255 251 247 247 233 237 244 240 237 246 252 259 265 -32768 -32768 -32768
-32768 -32768 -32768 269 269 264 258 262 263 256 249 232 233 236 239 233 234 243 253 260 262 -32768 -32768 -32768
-32768 -32768 -32768 269 269 268 259 257 259 255 248 239 231 235 229 232 243 248 256 260 266 265 -32768 -32768
-32768 -32768 -32768 -32768 269 268 257 262 261 255 246 235 225 232 233 238 244 252 257 261 266 -32768 -32768 -32768
-32768 -32768 -32768 -32768 269 268 267 264 257 251 239 242 241 248 242 246 253 259 261 264 266 -32768 -32768 -32768
-32768 -32768 -32768 -32768 269 268 265 266 259 246 247 249 250 253 254 258 257 260 263 265 -32768 -32768 -32768 -32768
-32768 -32768 -32768 -32768 -32768 268 268 259 258 258 254 253 257 259 259 259 261 263 264 266 -32768 -32768 -32768 -32768
-32768 -32768 -32768 -32768 269 267 265 259 261 258 258 259 260 264 264 263 264 265 267 -32768 -32768 -32768 -32768 -32768
-32768 -32768 269 269 269 268 264 267 262 266 263 262 264 267 265 265 267 267 -32768 -32768 -32768 -32768 -32768 -32768
-32768 269 269 269 269 266 268 265 264 267 268 267 266 267 267 268 -32768 -32768 -32768 -32768 -32768 -32768 -32768 -32768
269 269 268 267 268 267 266 268 264 268 268 268 268 268 -32768 -32768 -32768 -32768 -32768 -32768 -32768 -32768 -32768 -32768
269 268 269 269 268 267 268 268 268 267 268 -32768 -32768 -32768 -32768 -32768 -32768 -32768 -32768 -32768 -32768 -32768 -32768 -32768
-32768 269 -32768 -32768 269 268 -32768 -32768 -32768 -32768 268 -32768 -32768 -32768 -32768 -32768 -32768 -32768 -32768 -32768 -32768 -32768 -32768 -32768
-32768 -32768 -32768 -32768 -32768 -32768 -32768 -32768 -32768 -32768 -32768 -32768 -32768 -32768 -32768 -32768 -32768 -32768 -32768 -32768 -32768 -32768 -32768 -32768
