Climate_risk_model/Current_clim/PER1km1.asc
NCOLS 38 
NROWS 30 
XLLCORNER 621831.057663141 
YLLCORNER 1324551.25428857 
CELLSIZE 1000 
NODATA_value -3.4e+38 
0.645238816738129 0.676529109477997 0.699754953384399 0.717007458209991 0.730002641677856 0.742897689342499 0.755716979503632 0.76586902141571 0.774212837219238 0.78160297870636 0.785328924655914 0.788417458534241 0.791352987289429 0.793662905693054 0.796316802501678 0.80059677362442 0.806701183319092 0.816366672515869 0.833360075950623 0.855415403842926 0.884797871112823 0.925226926803589 0.961943924427032 0.988305151462555 0.992961764335632 0.975998520851135 0.94980663061142 0.920074284076691 0.897519648075104 0.879393875598907 0.863534152507782 0.852281093597412 0.842781245708466 0.833730280399323 0.827038526535034 0.821164906024933 0.815998017787933 0.814130783081055
0.654596865177155 0.689779698848724 0.716347396373749 0.737347364425659 0.752664566040039 0.766044199466705 0.77851814031601 0.787270545959473 0.793619453907013 0.797355234622955 0.799380600452423 0.800252437591553 0.79952335357666 0.798287808895111 0.797240018844604 0.797651469707489 0.80100554227829 0.808824837207794 0.825242400169373 0.848797202110291 0.882452368736267 0.931948184967041 0.979901969432831 1.01608538627625 1.0227038860321 1.00052857398987 0.968551099300385 0.934166371822357 0.908330619335175 0.887222170829773 0.868731021881104 0.85625958442688 0.846313774585724 0.836954653263092 0.829869270324707 0.823506891727448 0.817111849784851 0.813339650630951
0.674586474895477 0.713094115257263 0.741982042789459 0.764952838420868 0.780083358287811 0.7920743227005 0.802107632160187 0.808036804199219 0.810928463935852 0.811511337757111 0.811070621013641 0.807870924472809 0.802766501903534 0.79760068655014 0.792825818061829 0.789103507995605 0.788606524467468 0.79272997379303 0.805976867675781 0.828373193740845 0.863048851490021 0.916766285896301 0.970968306064606 1.01376247406006 1.0245053768158 1.00340366363525 0.972731053829193 0.940589010715485 0.916250109672546 0.895155966281891 0.875010669231415 0.860636591911316 0.849469244480133 0.839622676372528 0.832216441631317 0.825593948364258 0.818588972091675 0.813427031040192
0.709796845912933 0.748684704303741 0.777169585227966 0.7984299659729 0.810756623744965 0.819267690181732 0.825504064559937 0.827725052833557 0.826624810695648 0.825258731842041 0.820176005363464 0.81317138671875 0.803969621658325 0.79507851600647 0.785708248615265 0.775458097457886 0.768163084983826 0.765024960041046 0.770560085773468 0.787444531917572 0.818185389041901 0.868836462497711 0.921382784843445 0.965796947479248 0.986350178718567 0.978599727153778 0.960035443305969 0.937639534473419 0.919157564640045 0.901927173137665 0.88344818353653 0.867962598800659 0.854579567909241 0.842909634113312 0.83487069606781 0.827879190444946 0.820251524448395 0.814051449298859
0.746825158596039 0.782244026660919 0.807497322559357 0.825145900249481 0.833889245986938 0.839660823345184 0.842867791652679 0.84131121635437 0.83942985534668 0.833843052387238 0.825747966766357 0.816269814968109 0.804005563259125 0.791407525539398 0.77721118927002 0.759806156158447 0.744420886039734 0.731901168823242 0.726672649383545 0.735233187675476 0.759173095226288 0.803126037120819 0.851215898990631 0.897029459476471 0.931529223918915 0.942488253116608 0.939966976642609 0.929466724395752 0.917708218097687 0.905215680599213 0.890417575836182 0.87634003162384 0.86189079284668 0.847473084926605 0.837718546390533 0.830121278762817 0.822115004062653 0.814928114414215
0.782058537006378 0.811913192272186 0.832719266414642 0.846368193626404 0.852637648582458 0.856149196624756 0.855489134788513 0.851296305656433 0.847320258617401 0.83826220035553 0.828307509422302 0.816861748695374 0.801661014556885 0.785593330860138 0.766591966152191 0.741366446018219 0.716262102127075 0.691557347774506 0.671717345714569 0.66936069726944 0.685327351093292 0.722334086894989 0.766934812068939 0.81683361530304 0.868943333625793 0.900925815105438 0.915795564651489 0.918444454669952 0.914528667926788 0.907339155673981 0.896485865116119 0.884788632392883 0.871223449707031 0.854883432388306 0.842113494873047 0.832673907279968 0.824247241020203 0.816467106342316
0.813851177692413 0.836899876594543 0.852638781070709 0.863311529159546 0.867395639419556 0.867279171943665 0.86113429069519 0.856305181980133 0.849255442619324 0.838041484355927 0.826543807983398 0.813272893428802 0.795590460300446 0.776533722877502 0.753096044063568 0.719791173934937 0.683394372463226 0.643085360527039 0.603306412696838 0.586436569690704 0.592879712581635 0.621250510215759 0.660326778888702 0.713697850704193 0.786130607128143 0.843995630741119 0.881878435611725 0.903214871883392 0.910524129867554 0.910606443881989 0.904174625873566 0.894356548786163 0.882048070430756 0.865751028060913 0.850306391716003 0.837011516094208 0.826643943786621 0.818597137928009
0.832829535007477 0.850024878978729 0.862343490123749 0.871557116508484 0.873344838619232 0.869749367237091 0.86137193441391 0.856067597866058 0.847489893436432 0.835158705711365 0.82251763343811 0.807986199855804 0.788729012012482 0.76797741651535 0.742083668708801 0.703809440135956 0.659487307071686 0.607197344303131 0.551033675670624 0.521337687969208 0.517855882644653 0.534001767635345 0.561558425426483 0.611267268657684 0.698224246501923 0.781443476676941 0.845882177352905 0.890034139156342 0.909820199012756 0.916689693927765 0.91357833147049 0.904401957988739 0.891798973083496 0.875526666641235 0.859493315219879 0.843344151973724 0.829212367534637 0.820291042327881
0.842434763908386 0.854847311973572 0.865945816040039 0.87457138299942 0.875272750854492 0.869488418102264 0.861960709095001 0.855851531028748 0.846170663833618 0.832799911499023 0.81911289691925 0.803480684757233 0.783056974411011 0.761438608169556 0.734680116176605 0.694407165050507 0.645941615104675 0.586908578872681 0.521387755870819 0.482307523488998 0.467436522245407 0.466771811246872 0.477485418319702 0.51780366897583 0.615401446819305 0.723779082298279 0.816679537296295 0.885649561882019 0.917702972888947 0.929359614849091 0.926787376403809 0.916487514972687 0.90231990814209 0.884619832038879 0.868321716785431 0.851227462291718 0.833317816257477 0.821888446807861
0.844519734382629 0.855065107345581 0.867393910884857 0.876505255699158 0.876986742019653 0.86990875005722 0.863692224025726 0.856540560722351 0.845744073390961 0.83120721578598 0.816303670406342 0.799383103847504 0.777690470218658 0.75549453496933 0.728987753391266 0.689408481121063 0.640364110469818 0.579536557197571 0.512144446372986 0.469664454460144 0.447389334440231 0.43438595533371 0.43263652920723 0.465339154005051 0.569648504257202 0.697202682495117 0.813452184200287 0.903068780899048 0.943524897098541 0.954933524131775 0.947059154510498 0.931914269924164 0.914284110069275 0.89395797252655 0.876522243022919 0.859391450881958 0.839786052703857 0.824451863765717
0.844275116920471 0.855667352676392 0.868493676185608 0.87786602973938 0.878670513629913 0.87183278799057 0.86614590883255 0.858128249645233 0.846487164497375 0.830859541893005 0.814710557460785 0.796304643154144 0.772783100605011 0.749094009399414 0.721620142459869 0.681844353675842 0.633109271526337 0.573314666748047 0.509131610393524 0.471332848072052 0.454924672842026 0.447245568037033 0.446826756000519 0.478442370891571 0.582270979881287 0.714638411998749 0.840099990367889 0.938933372497559 0.980377078056335 0.985471844673157 0.967521488666534 0.945173740386963 0.923201143741608 0.90049809217453 0.881950736045837 0.864760041236877 0.845429539680481 0.828079640865326
0.844971835613251 0.856887698173523 0.869396209716797 0.879101037979126 0.880612730979919 0.875155329704285 0.869598865509033 0.86089950799942 0.848524808883667 0.831758618354797 0.814163267612457 0.793800592422485 0.767339646816254 0.740308821201324 0.70894867181778 0.665188550949097 0.615303635597229 0.558158218860626 0.501618385314941 0.476005434989929 0.477605193853378 0.48902228474617 0.496545881032944 0.526675462722778 0.62161248922348 0.746732294559479 0.871379554271698 0.97496622800827 1.01536965370178 1.01191389560699 0.983055949211121 0.953881680965424 0.928187191486359 0.903940975666046 0.885147392749786 0.868018865585327 0.849657297134399 0.832209825515747
0.847548604011536 0.858806431293488 0.870365083217621 0.88060736656189 0.883261382579803 0.880000472068787 0.874984681606293 0.865804195404053 0.852768421173096 0.834766328334808 0.815416216850281 0.792438149452209 0.76161116361618 0.729047894477844 0.690571367740631 0.638659238815308 0.585349500179291 0.531667172908783 0.487379610538483 0.480024099349976 0.506820857524872 0.547211289405823 0.572004437446594 0.603804707527161 0.672818303108215 0.761582493782043 0.865156948566437 0.970481693744659 1.01635658740997 1.01297652721405 0.982252657413483 0.952242493629456 0.92647111415863 0.903003454208374 0.885339915752411 0.869257986545563 0.852209985256195 0.835928201675415
0.851320147514343 0.861168026924133 0.871499300003052 0.882285952568054 0.886237680912018 0.884972214698792 0.881192266941071 0.87213122844696 0.858731746673584 0.839841663837433 0.819047331809998 0.793744444847107 0.758842945098877 0.721010327339172 0.675730586051941 0.615729868412018 0.557865858078003 0.5052769780159 0.469317823648453 0.472813040018082 0.513299882411957 0.577764213085175 0.629790663719177 0.674870252609253 0.709924936294556 0.737731993198395 0.801690518856049 0.903151154518127 0.963115870952606 0.976409137248993 0.960110068321228 0.938442468643188 0.917797744274139 0.897929966449738 0.882557511329651 0.868269383907318 0.852691173553467 0.837842524051666
0.856249392032623 0.864391028881073 0.873389601707458 0.884530603885651 0.889957666397095 0.890638172626495 0.888654828071594 0.880619287490845 0.867261528968811 0.847874283790588 0.826015532016754 0.798796236515045 0.760368883609772 0.717948734760284 0.666830897331238 0.599810898303986 0.537135779857635 0.482673674821854 0.446548342704773 0.447904974222183 0.487744331359863 0.568405568599701 0.649516582489014 0.712045192718506 0.717465102672577 0.687905550003052 0.714366555213928 0.809846580028534 0.884268045425415 0.919723689556122 0.925191700458527 0.916629493236542 0.904313147068024 0.889978408813477 0.877756834030151 0.86569482088089 0.851905286312103 0.83844667673111
0.863045990467072 0.869414746761322 0.877026736736298 0.888141810894012 0.895217418670654 0.898069500923157 0.898620843887329 0.892719209194183 0.880529761314392 0.861318230628967 0.839030683040619 0.81056672334671 0.769426286220551 0.723247110843658 0.667326331138611 0.594811201095581 0.528569221496582 0.471232533454895 0.42666295170784 0.411230206489563 0.435690015554428 0.521823942661285 0.622648298740387 0.696829199790955 0.696055173873901 0.652917861938477 0.662388563156128 0.74235337972641 0.816765248775482 0.864426732063293 0.887199461460114 0.891004145145416 0.887594819068909 0.879768848419189 0.871268212795258 0.861773490905762 0.849982500076294 0.837907373905182
0.870188832283020 0.875386834144592 0.882024645805359 0.892786860466003 0.901117384433746 0.905859410762787 0.909107804298401 0.905779600143433 0.895753979682922 0.877937972545624 0.856190323829651 0.827739417552948 0.785647630691528 0.737494945526123 0.678522884845734 0.602135479450226 0.533960998058319 0.477658033370972 0.432859003543854 0.405214309692383 0.410682111978531 0.488912731409073 0.593007385730743 0.673202812671661 0.692864060401917 0.673564076423645 0.681335628032684 0.73632425069809 0.794142723083496 0.837587654590607 0.864251911640167 0.873332858085632 0.874780058860779 0.871386885643005 0.865662693977356 0.858167827129364 0.847783088684082 0.836741745471954
0.878387331962585 0.882840692996979 0.88893073797226 0.899269878864288 0.908565938472748 0.91503632068634 0.921415686607361 0.921261787414551 0.914284765720367 0.899310350418091 0.879435837268829 0.852315485477448 0.811008095741272 0.762393176555634 0.70128732919693 0.62039440870285 0.548670709133148 0.495912790298462 0.468111604452133 0.450979739427567 0.44732329249382 0.505399584770203 0.59688663482666 0.677827715873718 0.720675051212311 0.724631130695343 0.731033802032471 0.760846734046936 0.797409355640411 0.829549431800842 0.852744221687317 0.862478971481323 0.865626752376556 0.864715814590454 0.860957086086273 0.854963541030884 0.845519483089447 0.835271239280701
0.888812243938446 0.893005430698395 0.89897483587265 0.909215211868286 0.919392287731171 0.92751532793045 0.937837839126587 0.941952407360077 0.939500987529755 0.929134011268616 0.913267850875854 0.889810264110565 0.852076709270477 0.805625557899475 0.744422852993011 0.658838272094727 0.578727066516876 0.519468784332275 0.502103626728058 0.511469721794128 0.525896191596985 0.570964395999908 0.636841654777527 0.706058263778687 0.761025011539459 0.778432965278625 0.78263908624649 0.793976008892059 0.812445402145386 0.832513809204102 0.849403858184814 0.857216954231262 0.859896540641785 0.859656274318695 0.85711270570755 0.852121531963348 0.843092978000641 0.832967400550842
0.899004817008972 0.903499186038971 0.909740447998047 0.920514941215515 0.931653559207916 0.941308975219727 0.955137312412262 0.963618040084839 0.966181635856628 0.961143314838409 0.950129926204681 0.931904971599579 0.900377869606018 0.859178483486176 0.801715552806854 0.716030240058899 0.628397881984711 0.54974365234375 0.504241645336151 0.516205608844757 0.564564406871796 0.626447975635529 0.671799898147583 0.718284487724304 0.770492792129517 0.796641767024994 0.805550515651703 0.813190102577209 0.824398577213287 0.838050484657288 0.850722014904022 0.856579124927521 0.858063340187073 0.857200741767883 0.854947149753571 0.850053668022156 0.84059727191925 0.83038741350174
0.909848511219025 0.915052711963654 0.92209655046463 0.933859884738922 0.946525156497955 0.95857173204422 0.975409626960754 0.988836586475372 0.997205972671509 0.998702526092529 0.993340373039246 0.981412947177887 0.958327770233154 0.925541341304779 0.875761330127716 0.79553633928299 0.707071244716644 0.614219009876251 0.534748196601868 0.53232216835022 0.599259853363037 0.67393958568573 0.698313295841217 0.715623080730438 0.755186557769775 0.788743793964386 0.808162808418274 0.821138083934784 0.831727683544159 0.842884421348572 0.853422462940216 0.857988238334656 0.858299672603607 0.85621702671051 0.853234708309174 0.847664177417755 0.837959349155426 0.827754497528076
0.922375977039337 0.928785681724548 0.937435925006866 0.950889229774475 0.965950608253479 0.982191622257233 1.00235974788666 1.02217316627502 1.03797841072083 1.04796147346497 1.04924154281616 1.04394960403442 1.02994513511658 1.00723791122437 0.967463970184326 0.895768821239471 0.813803374767303 0.725340127944946 0.641208589076996 0.62439626455307 0.672226786613464 0.726119160652161 0.731273114681244 0.727458000183105 0.748972296714783 0.780058205127716 0.80525541305542 0.824174404144287 0.83653861284256 0.847178399562836 0.856844842433929 0.860628545284271 0.859625697135925 0.855507254600525 0.851013004779816 0.844953656196594 0.835026204586029 0.82393479347229
0.933273434638977 0.94116336107254 0.951534390449524 0.967310845851898 0.984967112541199 1.00561738014221 1.03043329715729 1.0568174123764 1.08036530017853 1.09872579574585 1.10531175136566 1.10333716869354 1.09246218204498 1.07354211807251 1.03809499740601 0.970648169517517 0.894302725791931 0.816414654254913 0.745085954666138 0.721653580665588 0.739838480949402 0.764517664909363 0.762887716293335 0.75584214925766 0.765923976898193 0.78750479221344 0.80918288230896 0.82805073261261 0.840602874755859 0.850708723068237 0.859579563140869 0.862708032131195 0.860641419887543 0.854813694953918 0.849079549312592 0.842400312423706 0.831548690795898 0.819273710250854
0.943472564220428 0.952982127666473 0.965264141559601 0.983949244022369 1.00478184223175 1.03005194664001 1.06245040893555 1.09609115123749 1.12931430339813 1.1573338508606 1.16824615001678 1.16526138782501 1.14917325973511 1.12476229667664 1.08550930023193 1.01788699626923 0.945241272449493 0.875526905059814 0.81592184305191 0.790686130523682 0.789686799049377 0.795053899288177 0.791727483272552 0.786801218986511 0.791240930557251 0.804020702838898 0.819213390350342 0.834412336349487 0.845285296440125 0.854099571704865 0.861863613128662 0.864394009113312 0.861353158950806 0.853856861591339 0.8466956615448 0.839021444320679 0.827091217041016 0.813805520534515
0.953703641891479 0.964645087718964 0.979338049888611 1.00110399723053 1.02615582942963 1.05683815479279 1.09957814216614 1.14323604106903 1.19078195095062 1.23289406299591 1.24785828590393 1.23801863193512 1.20602512359619 1.1665221452713 1.11625194549561 1.04488241672516 0.974987745285034 0.911559700965881 0.860762298107147 0.836831331253052 0.827480852603912 0.823363244533539 0.819296777248383 0.816051781177521 0.817558407783508 0.823972940444946 0.832876682281494 0.843084573745728 0.851108610630035 0.857884049415588 0.863949537277222 0.865499496459961 0.86123788356781 0.851951718330383 0.843277454376221 0.834475219249725 0.821189641952515 0.806383013725281
0.961643934249878 0.973071753978729 0.989434361457825 1.01369273662567 1.04190564155579 1.0771666765213 1.12794840335846 1.18270409107208 1.24373054504395 1.30175220966339 1.32031536102295 1.30024003982544 1.24880564212799 1.19366526603699 1.13326799869537 1.05851089954376 0.991091251373291 0.932427823543549 0.886692881584167 0.863960921764374 0.852028787136078 0.844429790973663 0.839533507823944 0.836321413516998 0.83607006072998 0.839038491249084 0.843994438648224 0.850379288196564 0.855812549591064 0.860623180866241 0.865121841430664 0.865758776664734 0.860523760318756 0.849859774112701 0.839750528335571 0.829539358615875 0.814794421195984 0.799916803836823
0.968588352203369 0.97980785369873 0.996439039707184 1.0224803686142 1.0526967048645 1.09087657928467 1.14661014080048 1.20928537845612 1.28020989894867 1.35120534896851 1.37266325950623 1.34273099899292 1.27454268932343 1.20770847797394 1.14127361774445 1.06671345233917 1.0039656162262 0.950918316841125 0.908786237239838 0.885969221591949 0.87208092212677 0.862133085727692 0.856050252914429 0.852032780647278 0.850160181522369 0.850763022899628 0.852943360805511 0.85640013217926 0.859767377376556 0.863040804862976 0.866196155548096 0.8658567070961 0.859372854232788 0.846788644790649 0.835090696811676 0.823970973491669 0.809175610542297 0.795512199401855
0.975332558155060 0.985753536224365 1.00091350078583 1.0267082452774 1.05733811855316 1.09584367275238 1.15098333358765 1.2129168510437 1.28305172920227 1.35152900218964 1.37182688713074 1.34005582332611 1.26927173137665 1.20102310180664 1.13597226142883 1.06755089759827 1.0128128528595 0.966996014118195 0.928727924823761 0.905674517154694 0.890050053596497 0.878070116043091 0.870624661445618 0.865441024303436 0.861968994140625 0.860727667808533 0.860870242118835 0.862150311470032 0.863746106624603 0.86534059047699 0.866730272769928 0.86476594209671 0.856456518173218 0.842293560504913 0.830295443534851 0.819578051567078 0.806122124195099 0.794295847415924
0.980808913707733 0.990048229694366 1.002889752388 1.02586460113525 1.05451428890228 1.09066581726074 1.14032089710236 1.19340753555298 1.2510529756546 1.30389642715454 1.31810092926025 1.29321038722992 1.23520505428314 1.17652213573456 1.11968743801117 1.06055021286011 1.01388645172119 0.974540054798126 0.94012576341629 0.917731285095215 0.901430904865265 0.888306975364685 0.879936516284943 0.873912930488586 0.869425177574158 0.86712235212326 0.866028904914856 0.865730226039886 0.865880072116852 0.866142392158508 0.866261661052704 0.863086938858032 0.853900015354156 0.839828968048096 0.828782141208649 0.819067478179932 0.806708574295044 0.797062814235687
0.986604630947113 0.993799448013306 1.00406694412231 1.02223324775696 1.04674100875854 1.07817113399506 1.11999905109406 1.16134750843048 1.20307600498199 1.23874056339264 1.24682664871216 1.22848260402679 1.18699991703033 1.14213395118713 1.09675693511963 1.04861080646515 1.00998532772064 0.976590037345886 0.946236848831177 0.925397336483002 0.909427762031555 0.89600282907486 0.887155294418335 0.880566954612732 0.875288307666779 0.872072219848633 0.869885802268982 0.868281781673431 0.867362678050995 0.866779088973999 0.866363823413849 0.862870514392853 0.853761911392212 0.840606808662415 0.830590307712555 0.821375906467438 0.810515284538269 0.802774250507355
