Climate_risk_model/Current_clim/ppt.dry.month.asc
NCOLS 24 
NROWS 30 
XLLCORNER -61.8 
YLLCORNER 11.9833333333333 
CELLSIZE 0.00833333333333345 
NODATA_value -32768 
-32768.000000000000000 -32768 -32768 -32768 -32768 -32768 -32768 -32768 -32768 -32768 -32768 -32768 -32768 -32768 55 56 60 57 57 58 58 59 -32768 -32768
-32768 -32768 -32768 -32768 -32768 -32768 -32768 -32768 -32768 -32768 -32768 -32768 54 55 55 62 63 64 58 59 63 64 60 -32768
-32768 -32768 -32768 -32768 -32768 -32768 -32768 -32768 -32768 -32768 -32768 54 54 59 61 60 63 61 60 60 63 64 60 -32768
-32768 -32768 -32768 -32768 -32768 -32768 -32768 -32768 -32768 -32768 53 53 58 66 68 62 65 66 63 62 60 61 61 -32768
-32768 -32768 -32768 -32768 -32768 -32768 -32768 -32768 -32768 52 53 54 60 67 69 65 69 68 64 65 63 61 61 -32768
-32768 -32768 -32768 -32768 -32768 -32768 -32768 -32768 51 52 60 57 62 72 76 72 73 69 66 67 65 62 61 60
-32768 -32768 -32768 -32768 -32768 -32768 -32768 -32768 51 57 63 65 62 68 80 80 78 74 73 66 65 62 61 60
-32768 -32768 -32768 -32768 -32768 -32768 -32768 50 51 60 63 69 68 71 79 84 81 74 68 66 64 62 61 60
-32768 -32768 -32768 -32768 -32768 -32768 -32768 50 51 57 61 68 78 80 89 87 86 79 71 68 64 61 60 -32768
-32768 -32768 -32768 -32768 -32768 -32768 49 49 55 60 65 69 72 86 87 79 77 74 70 65 61 60 60 -32768
-32768 -32768 -32768 -32768 -32768 -32768 49 49 61 65 69 75 80 79 78 77 73 68 64 62 61 60 60 -32768
-32768 -32768 -32768 -32768 -32768 48 48 55 66 70 79 79 78 76 72 69 70 67 65 62 60 60 60 -32768
-32768 -32768 -32768 -32768 -32768 47 51 65 64 77 82 82 76 71 68 66 63 64 64 60 60 60 60 60
-32768 -32768 -32768 -32768 -32768 47 53 60 71 75 78 85 83 72 66 64 66 63 61 61 60 59 59 -32768
-32768 -32768 -32768 -32768 -32768 47 48 61 70 72 87 86 84 72 68 68 69 67 66 64 59 -32768 -32768 -32768
-32768 -32768 -32768 -32768 46 47 48 66 71 75 80 86 83 76 72 71 74 71 66 62 59 -32768 -32768 -32768
-32768 -32768 -32768 -32768 46 47 50 58 64 68 71 71 81 78 74 76 79 73 69 63 58 -32768 -32768 -32768
-32768 -32768 -32768 45 46 52 60 55 54 64 70 81 81 79 77 81 80 75 68 62 60 -32768 -32768 -32768
-32768 -32768 -32768 45 46 47 60 62 60 65 70 76 82 80 84 82 75 72 66 62 58 58 -32768 -32768
-32768 -32768 -32768 -32768 46 47 62 55 59 65 71 80 87 82 81 78 74 69 65 61 57 -32768 -32768 -32768
-32768 -32768 -32768 -32768 46 47 49 53 62 67 76 75 76 71 75 72 68 63 61 58 56 -32768 -32768 -32768
-32768 -32768 -32768 -32768 46 47 51 51 61 71 71 69 69 67 67 63 64 62 58 57 -32768 -32768 -32768 -32768
-32768 -32768 -32768 -32768 -32768 47 48 61 62 62 66 67 64 62 62 63 60 58 58 55 -32768 -32768 -32768 -32768
-32768 -32768 -32768 -32768 47 49 52 61 60 63 63 62 60 56 56 57 57 56 55 -32768 -32768 -32768 -32768 -32768
-32768 -32768 46 47 47 48 53 50 56 52 56 58 56 53 55 55 54 54 -32768 -32768 -32768 -32768 -32768 -32768
-32768 46 46 47 47 50 49 52 54 51 51 51 53 53 53 53 -32768 -32768 -32768 -32768 -32768 -32768 -32768 -32768
46 46 47 49 48 50 51 49 54 50 51 51 52 52 -32768 -32768 -32768 -32768 -32768 -32768 -32768 -32768 -32768 -32768
46 47 47 48 48 49 49 49 50 51 51 -32768 -32768 -32768 -32768 -32768 -32768 -32768 -32768 -32768 -32768 -32768 -32768 -32768
-32768 47 -32768 -32768 48 49 -32768 -32768 -32768 -32768 51 -32768 -32768 -32768 -32768 -32768 -32768 -32768 -32768 -32768 -32768 -32768 -32768 -32768
-32768 -32768 -32768 -32768 -32768 -32768 -32768 -32768 -32768 -32768 -32768 -32768 -32768 -32768 -32768 -32768 -32768 -32768 -32768 -32768 -32768 -32768 -32768 -32768
