Climate_risk_model/Current_clim/ppt.dry.qrt.asc
NCOLS 24 
NROWS 30 
XLLCORNER -61.8 
YLLCORNER 11.9833333333333 
CELLSIZE 0.00833333333333345 
NODATA_value -32768 
-32768.000000000000000 -32768 -32768 -32768 -32768 -32768 -32768 -32768 -32768 -32768 -32768 -32768 -32768 -32768 195 196 206 197 197 198 198 198 -32768 -32768
-32768 -32768 -32768 -32768 -32768 -32768 -32768 -32768 -32768 -32768 -32768 -32768 194 194 195 212 215 217 198 201 212 215 200 -32768
-32768 -32768 -32768 -32768 -32768 -32768 -32768 -32768 -32768 -32768 -32768 194 193 205 210 207 215 209 204 203 212 214 201 -32768
-32768 -32768 -32768 -32768 -32768 -32768 -32768 -32768 -32768 -32768 192 193 204 225 230 213 219 223 213 210 203 204 203 -32768
-32768 -32768 -32768 -32768 -32768 -32768 -32768 -32768 -32768 191 192 196 210 227 233 220 232 229 217 218 210 203 203 -32768
-32768 -32768 -32768 -32768 -32768 -32768 -32768 -32768 191 191 211 202 214 243 255 242 245 232 221 225 216 207 203 198
-32768 -32768 -32768 -32768 -32768 -32768 -32768 -32768 190 204 218 223 214 230 269 269 260 248 243 221 217 207 201 198
-32768 -32768 -32768 -32768 -32768 -32768 -32768 189 190 211 217 234 232 239 265 282 271 247 227 220 215 206 201 197
-32768 -32768 -32768 -32768 -32768 -32768 -32768 189 190 203 212 231 261 269 298 292 287 263 237 227 213 203 198 -32768
-32768 -32768 -32768 -32768 -32768 -32768 187 188 199 210 223 234 243 289 290 265 256 246 234 216 204 198 197 -32768
-32768 -32768 -32768 -32768 -32768 -32768 187 187 213 223 234 253 269 265 261 258 243 227 215 208 202 200 197 -32768
-32768 -32768 -32768 -32768 -32768 187 187 200 226 238 265 266 262 255 242 232 235 224 217 207 201 198 197 -32768
-32768 -32768 -32768 -32768 -32768 186 193 222 221 259 275 276 254 239 228 221 212 214 214 200 199 198 196 196
-32768 -32768 -32768 -32768 -32768 185 196 210 239 253 263 286 278 241 222 215 221 212 205 203 199 195 195 -32768
-32768 -32768 -32768 -32768 -32768 185 187 213 238 244 291 288 280 241 228 227 229 224 218 212 197 -32768 -32768 -32768
-32768 -32768 -32768 -32768 184 185 187 225 241 253 270 289 279 254 241 236 246 235 220 208 197 -32768 -32768 -32768
-32768 -32768 -32768 -32768 184 185 190 204 218 229 239 238 272 262 246 255 264 243 228 211 194 -32768 -32768 -32768
-32768 -32768 -32768 182 184 194 210 199 196 217 235 272 271 265 258 271 267 248 226 206 200 -32768 -32768 -32768
-32768 -32768 -32768 182 183 185 209 214 208 220 236 255 275 268 281 274 249 238 220 206 194 195 -32768 -32768
-32768 -32768 -32768 -32768 182 184 212 199 204 219 239 268 290 273 270 260 247 228 215 204 193 -32768 -32768 -32768
-32768 -32768 -32768 -32768 182 184 186 194 212 227 256 251 253 237 249 240 226 210 205 197 191 -32768 -32768 -32768
-32768 -32768 -32768 -32768 182 184 191 190 209 239 238 232 230 224 223 211 213 207 197 194 -32768 -32768 -32768 -32768
-32768 -32768 -32768 -32768 -32768 184 184 208 210 211 222 224 214 208 208 210 202 198 196 190 -32768 -32768 -32768 -32768
-32768 -32768 -32768 -32768 182 187 192 208 205 212 212 209 205 196 195 197 196 193 189 -32768 -32768 -32768 -32768 -32768
-32768 -32768 182 182 182 184 194 187 198 190 197 200 196 189 193 192 189 188 -32768 -32768 -32768 -32768 -32768 -32768
-32768 182 181 182 182 188 185 191 194 187 185 186 189 188 187 187 -32768 -32768 -32768 -32768 -32768 -32768 -32768 -32768
180 181 182 186 183 186 189 184 194 185 185 185 186 186 -32768 -32768 -32768 -32768 -32768 -32768 -32768 -32768 -32768 -32768
180 182 182 183 183 185 183 184 185 187 185 -32768 -32768 -32768 -32768 -32768 -32768 -32768 -32768 -32768 -32768 -32768 -32768 -32768
-32768 181 -32768 -32768 182 183 -32768 -32768 -32768 -32768 185 -32768 -32768 -32768 -32768 -32768 -32768 -32768 -32768 -32768 -32768 -32768 -32768 -32768
-32768 -32768 -32768 -32768 -32768 -32768 -32768 -32768 -32768 -32768 -32768 -32768 -32768 -32768 -32768 -32768 -32768 -32768 -32768 -32768 -32768 -32768 -32768 -32768
