Climate_risk_model/Current_clim/PreciPER31K1.asc
NCOLS 38 
NROWS 30 
XLLCORNER 621831.057663139 
YLLCORNER 1324551.25428857 
CELLSIZE 1000 
NODATA_value -3.4e+38 
0.671719491481781 0.674887239933014 0.680622041225433 0.689707219600677 0.699276924133301 0.707017421722412 0.714151561260223 0.720606446266174 0.726747572422028 0.732566356658936 0.735696732997894 0.736995220184326 0.736866295337677 0.736137211322784 0.734912633895874 0.732877671718597 0.73040235042572 0.727230072021484 0.72278368473053 0.718075335025787 0.712846517562866 0.707520723342896 0.707272469997406 0.720287144184113 0.758331835269928 0.797093570232391 0.817285656929016 0.814058840274811 0.799716949462891 0.783709943294525 0.767919719219208 0.756563365459442 0.747584581375122 0.740138232707977 0.735386550426483 0.731262981891632 0.727195680141449 0.72524231672287
0.673045456409454 0.680379390716553 0.68915468454361 0.70073264837265 0.711620092391968 0.72035825252533 0.72852748632431 0.735136389732361 0.740646779537201 0.744777798652649 0.746564626693726 0.746776640415192 0.746237814426422 0.745291650295258 0.743756294250488 0.741119801998138 0.737823486328125 0.733559966087341 0.727527022361755 0.720932722091675 0.713005661964417 0.702914595603943 0.697320878505707 0.711829543113708 0.776629984378815 0.845113575458527 0.871676325798035 0.853961288928986 0.82533848285675 0.79944235086441 0.777217268943787 0.762703597545624 0.751674354076385 0.74236798286438 0.736365377902985 0.731396913528442 0.726045608520508 0.722209870815277
0.680977165699005 0.691446483135223 0.70219898223877 0.715166389942169 0.726597785949707 0.735410094261169 0.742869675159454 0.748132467269897 0.751992702484131 0.754571497440338 0.755269885063171 0.755052149295807 0.754340410232544 0.753060460090637 0.75093001127243 0.747332811355591 0.742984116077423 0.737496495246887 0.729911148548126 0.721844971179962 0.712443649768829 0.700792193412781 0.694651782512665 0.715319097042084 0.810189783573151 0.909006893634796 0.933789253234863 0.892221391201019 0.847630858421326 0.812687993049622 0.784802615642548 0.767543494701385 0.755044043064117 0.744552850723267 0.737599492073059 0.73215389251709 0.726140737533569 0.720945656299591
0.696600258350372 0.708402931690216 0.719584703445435 0.732264161109924 0.742762625217438 0.75000524520874 0.755311906337738 0.75891786813736 0.761622428894043 0.763385593891144 0.76359611749649 0.763380467891693 0.762446045875549 0.760711312294006 0.757912993431091 0.753233373165131 0.747545480728149 0.740377902984619 0.730671167373657 0.720936715602875 0.711023032665253 0.702555656433105 0.705582201480865 0.739647805690765 0.840349853038788 0.936712384223938 0.954274356365204 0.90442830324173 0.856299936771393 0.819623827934265 0.790249705314636 0.771550953388214 0.757842481136322 0.746583044528961 0.738894641399384 0.73295933008194 0.726868569850922 0.720976233482361
0.713074088096619 0.723950624465942 0.733984291553497 0.744995176792145 0.753691613674164 0.759261071681976 0.763343393802643 0.766446113586426 0.76899927854538 0.770081341266632 0.770171225070953 0.769853889942169 0.768761396408081 0.766882240772247 0.763779580593109 0.758330225944519 0.751425623893738 0.742524981498718 0.730386197566986 0.718385338783264 0.706988871097565 0.69986218214035 0.707537949085236 0.74184638261795 0.818273067474365 0.885775208473206 0.905029833316803 0.878332674503326 0.845682859420776 0.817442119121552 0.792163372039795 0.774454176425934 0.760388433933258 0.748334884643555 0.740169525146484 0.733623206615448 0.727411568164825 0.721489310264587
0.728170990943909 0.736924469470978 0.74510782957077 0.754076719284058 0.761236727237701 0.766106307506561 0.769822597503662 0.772688925266266 0.774600982666016 0.77504974603653 0.775020956993103 0.7747443318367 0.774001181125641 0.772583305835724 0.769807875156403 0.764069259166718 0.755955755710602 0.744902014732361 0.729338467121124 0.713327348232269 0.697276890277863 0.685206532478333 0.688154995441437 0.712220966815948 0.763703346252441 0.811010599136353 0.836231410503387 0.836474299430847 0.824766755104065 0.80997109413147 0.792605698108673 0.777590870857239 0.76392674446106 0.750961482524872 0.741910934448242 0.73468554019928 0.727910041809082 0.721908807754517
0.740754067897797 0.746891498565674 0.753314793109894 0.760729312896729 0.767089486122131 0.77164751291275 0.774768829345703 0.777179539203644 0.778110504150391 0.778080761432648 0.77813720703125 0.778462290763855 0.77908182144165 0.779361724853516 0.778264760971069 0.773212015628815 0.763551294803619 0.748817086219788 0.727326393127441 0.703888356685638 0.67756986618042 0.651455104351044 0.640116989612579 0.649258196353912 0.68693071603775 0.731200218200684 0.767933309078217 0.792025566101074 0.800344049930573 0.800179839134216 0.79304313659668 0.782486379146576 0.769918501377106 0.75594699382782 0.745242357254028 0.736730575561523 0.728956282138824 0.722356200218201
0.747528672218323 0.75203150510788 0.757764875888824 0.764466345310211 0.770186543464661 0.77443653345108 0.777266621589661 0.779020071029663 0.779292583465576 0.779224932193756 0.779717087745667 0.780984580516815 0.783531606197357 0.786494314670563 0.788638412952423 0.785875976085663 0.774321675300598 0.753368258476257 0.722451984882355 0.689370095729828 0.651008069515228 0.607779681682587 0.577722668647766 0.57184761762619 0.609652280807495 0.666642546653748 0.720430254936218 0.763356566429138 0.785249412059784 0.794887781143188 0.794946372509003 0.788177251815796 0.777150094509125 0.762475192546844 0.75002533197403 0.739670634269714 0.730583608150482 0.723132967948914
0.751051366329193 0.754928231239319 0.760432720184326 0.766697227954865 0.771915376186371 0.775997340679169 0.778796494007111 0.779999792575836 0.779951393604279 0.779997944831848 0.780854225158691 0.782996118068695 0.787724614143372 0.794419169425964 0.802216947078705 0.805083751678467 0.791132688522339 0.758170485496521 0.709665656089783 0.663802742958069 0.615877747535706 0.559397161006927 0.510275721549988 0.48850816488266 0.536160051822662 0.615840792655945 0.690330982208252 0.750448644161224 0.781969904899597 0.796968460083008 0.800198256969452 0.795190155506134 0.785303235054016 0.770523428916931 0.756504714488983 0.743983387947083 0.732972264289856 0.724473297595978
0.753136754035950 0.756880164146423 0.762369811534882 0.768466770648956 0.7730992436409 0.776958286762238 0.780066192150116 0.780860066413879 0.780477702617645 0.780346095561981 0.78116363286972 0.783646821975708 0.789971351623535 0.800541996955872 0.816287159919739 0.830471336841583 0.814046382904053 0.75896954536438 0.681208848953247 0.62030303478241 0.571202397346497 0.519073963165283 0.46890065073967 0.444482654333115 0.501304149627686 0.596574008464813 0.687115728855133 0.761649906635284 0.798729538917542 0.812704503536224 0.812117338180542 0.804862499237061 0.794370055198669 0.779716372489929 0.764921426773071 0.750351011753082 0.736700654029846 0.726658284664154
0.754845082759857 0.758277714252472 0.763533711433411 0.76948070526123 0.773722946643829 0.777587532997131 0.781099438667297 0.781563103199005 0.780782759189606 0.780112683773041 0.780267655849457 0.781929492950439 0.78732967376709 0.797662675380707 0.8149653673172 0.833014905452728 0.812154650688171 0.738695323467255 0.63867974281311 0.569569885730743 0.532457172870636 0.507053971290588 0.479769974946976 0.470792263746262 0.524694919586182 0.615904569625854 0.713090121746063 0.798536539077759 0.835648059844971 0.840360164642334 0.828100800514221 0.814374804496765 0.801262021064758 0.786352634429932 0.771904945373535 0.756612062454224 0.740904271602631 0.729163408279419
0.756699919700623 0.759289681911469 0.764119267463684 0.77011376619339 0.774406850337982 0.778291165828705 0.782047927379608 0.782357811927795 0.781079173088074 0.779529571533203 0.778400003910065 0.778008759021759 0.779532432556152 0.783960461616516 0.791396379470825 0.793071746826172 0.761027634143829 0.685621440410614 0.584463894367218 0.519340813159943 0.506839871406555 0.517975389957428 0.512645602226257 0.5136998295784 0.562963426113129 0.649679183959961 0.755073130130768 0.855882942676544 0.888923048973083 0.875012278556824 0.844873070716858 0.822407186031342 0.805686116218567 0.790407121181488 0.77696692943573 0.762333631515503 0.745597362518311 0.732157945632935
0.758694648742676 0.76001387834549 0.764327585697174 0.770740628242493 0.775396883487701 0.779367327690125 0.783090233802795 0.783541142940521 0.781743943691254 0.778989970684052 0.775969505310059 0.772343814373016 0.767300069332123 0.761103630065918 0.750470161437988 0.724098443984985 0.677135586738586 0.610866367816925 0.536560773849487 0.499487578868866 0.516354262828827 0.552226781845093 0.556899726390839 0.561591625213623 0.604448616504669 0.681520044803619 0.7879319190979 0.901359140872955 0.929172098636627 0.897123634815216 0.853009223937988 0.824840426445007 0.805970907211304 0.791095077991486 0.779478251934052 0.766823768615723 0.750680327415466 0.735915243625641
0.760343253612518 0.760588824748993 0.764550149440765 0.771276772022247 0.776443779468536 0.780699729919434 0.784273266792297 0.784954726696014 0.783031404018402 0.779295265674591 0.774653077125549 0.768219947814941 0.757596433162689 0.742887258529663 0.719002902507782 0.673427939414978 0.614185154438019 0.554085552692413 0.512941420078278 0.507100284099579 0.535028398036957 0.572836756706238 0.586874842643738 0.601817548274994 0.635385811328888 0.685287058353424 0.769579172134399 0.870026648044586 0.900585949420929 0.878749907016754 0.842622339725494 0.818092703819275 0.801256954669952 0.788318395614624 0.778837203979492 0.768541693687439 0.754261076450348 0.73924046754837
0.762048780918121 0.761545181274414 0.765029072761536 0.771830379962921 0.777605414390564 0.782395422458649 0.786072254180908 0.786892890930176 0.785263121128082 0.78101521730423 0.775224208831787 0.766787111759186 0.752418696880341 0.732683897018433 0.702221572399139 0.648483753204346 0.583719789981842 0.527443528175354 0.506671071052551 0.513272762298584 0.535589814186096 0.56793338060379 0.593324601650238 0.620156347751617 0.643002510070801 0.659814476966858 0.717282831668854 0.798575341701508 0.835451006889343 0.835864245891571 0.819374859333038 0.804365396499634 0.792649805545807 0.783112227916718 0.776055335998535 0.768271207809448 0.756475746631622 0.742127001285553
0.764329612255096 0.763372898101807 0.766078054904938 0.772607564926147 0.779031693935394 0.784670770168304 0.789044141769409 0.790236711502075 0.789096176624298 0.785280466079712 0.779112935066223 0.76978999376297 0.753892362117767 0.732959091663361 0.703353464603424 0.657517850399017 0.608331441879272 0.564599692821503 0.533057689666748 0.515917897224426 0.516857206821442 0.541850209236145 0.573157787322998 0.603064119815826 0.619428157806396 0.627399504184723 0.669193625450134 0.733323574066162 0.772073090076447 0.78832083940506 0.790051221847534 0.785883069038391 0.780768513679504 0.775654375553131 0.771465420722961 0.766257643699646 0.75724470615387 0.744414448738098
0.766829609870911 0.765698790550232 0.767664313316345 0.773639798164368 0.780459702014923 0.786959946155548 0.792473912239075 0.794562697410583 0.794110238552094 0.791330873966217 0.785989999771118 0.777116477489471 0.761693298816681 0.741841673851013 0.715953230857849 0.682612717151642 0.654777765274048 0.625030696392059 0.565782606601715 0.507329285144806 0.485444903373718 0.508787453174591 0.542981326580048 0.571819067001343 0.592600345611572 0.611940801143646 0.648991823196411 0.700154006481171 0.736023664474487 0.757569491863251 0.768286645412445 0.770846426486969 0.77047473192215 0.768848836421967 0.766949832439423 0.763696849346161 0.756676435470581 0.745400190353394
0.769681036472321 0.768629550933838 0.769993662834167 0.775237560272217 0.782179772853851 0.789491057395935 0.796494901180267 0.800111353397369 0.800995349884033 0.799745440483093 0.796209812164307 0.78910756111145 0.775284707546234 0.756446003913879 0.731313586235046 0.699694335460663 0.674939870834351 0.643805265426636 0.561737537384033 0.479885756969452 0.45332744717598 0.48173776268959 0.516463279724121 0.542492806911469 0.56718248128891 0.596811354160309 0.635920286178589 0.681435883045197 0.714483737945557 0.73744922876358 0.7524573802948 0.758992910385132 0.761805951595306 0.762781083583832 0.762653648853302 0.760990858078003 0.755311131477356 0.745457768440247
0.773160159587860 0.772471368312836 0.773510575294495 0.777968645095825 0.78473824262619 0.792715311050415 0.801580131053925 0.807501554489136 0.810865640640259 0.812399804592133 0.811938226222992 0.808534801006317 0.798480212688446 0.780606150627136 0.751040518283844 0.702631711959839 0.648756921291351 0.587103188037872 0.511771559715271 0.459233433008194 0.450708001852036 0.477523267269135 0.504345297813416 0.521856367588043 0.543441951274872 0.580855429172516 0.625805854797363 0.670657515525818 0.701731979846954 0.724473237991333 0.741193473339081 0.749876916408539 0.754663348197937 0.757418692111969 0.758597373962402 0.758097231388092 0.753369748592377 0.745174288749695
0.776407480239868 0.776172518730164 0.777292013168335 0.781318008899689 0.787821114063263 0.796114981174469 0.806552410125732 0.814798355102539 0.821088790893555 0.826239168643951 0.829818606376648 0.831626057624817 0.828270196914673 0.81421309709549 0.780678391456604 0.711326837539673 0.626022219657898 0.543925285339355 0.499623239040375 0.49152535200119 0.486241579055786 0.494709670543671 0.513934791088104 0.528534352779388 0.546735167503357 0.583517968654633 0.62754899263382 0.669562816619873 0.698066294193268 0.719371676445007 0.735933065414429 0.745172262191772 0.750661671161652 0.754134595394135 0.755900800228119 0.75597482919693 0.752148687839508 0.745166480541229
0.779764235019684 0.779965698719025 0.781454980373383 0.785435140132904 0.79178261756897 0.800278842449188 0.811989843845367 0.822589099407196 0.832160592079163 0.841780424118042 0.850535273551941 0.859744191169739 0.868121683597565 0.865170836448669 0.834540247917175 0.746600329875946 0.629765093326569 0.524191856384277 0.497840046882629 0.523942947387695 0.520682275295258 0.517696857452393 0.538922607898712 0.560773611068726 0.580353260040283 0.607969582080841 0.641761362552643 0.675951063632965 0.700116395950317 0.718840777873993 0.734145164489746 0.743103444576263 0.748616397380829 0.752292573451996 0.754403471946716 0.754913330078125 0.751576662063599 0.744522392749786
0.783633112907410 0.784215569496155 0.786293864250183 0.790642857551575 0.797157764434814 0.806059718132019 0.818840861320496 0.83187073469162 0.845122814178467 0.86003977060318 0.874863266944885 0.893366456031799 0.919622719287872 0.940220713615417 0.927701771259308 0.827738702297211 0.679517805576324 0.540797233581543 0.498517096042633 0.535219609737396 0.549839675426483 0.556309103965759 0.579255700111389 0.603748619556427 0.624013245105743 0.642857491970062 0.664710581302643 0.688696384429932 0.707045674324036 0.72210431098938 0.735205948352814 0.743328809738159 0.748625993728638 0.752452433109283 0.754429638385773 0.754367649555206 0.749729037284851 0.741198003292084
0.787095725536346 0.787943959236145 0.790481448173523 0.795426905155182 0.80238801240921 0.811981081962585 0.825748443603516 0.840716004371643 0.856970131397247 0.876043856143951 0.894890248775482 0.918808162212372 0.956237137317657 0.995015501976013 1.00329566001892 0.911615908145905 0.769330859184265 0.639903664588928 0.580143213272095 0.589799106121063 0.600770115852356 0.608554184436798 0.623088598251343 0.639961659908295 0.656127452850342 0.669941961765289 0.684831857681274 0.701694667339325 0.715422689914703 0.727372765541077 0.738507688045502 0.745865046977997 0.750776648521423 0.753736615180969 0.754181087017059 0.752278089523315 0.74568772315979 0.735868692398071
0.790440261363983 0.791557013988495 0.794431567192078 0.800032556056976 0.807602226734161 0.818134546279907 0.833389639854431 0.850348949432373 0.869522571563721 0.892044723033905 0.912577331066132 0.936116755008698 0.971101760864258 1.00688278675079 1.01897585391998 0.958692014217377 0.863181591033936 0.774143695831299 0.709476053714752 0.683229804039001 0.670637965202332 0.665011942386627 0.667674839496613 0.674665153026581 0.68407541513443 0.693208754062653 0.703215003013611 0.71495795249939 0.725061535835266 0.734326601028442 0.743369042873383 0.749407351016998 0.75292694568634 0.753664135932922 0.751872479915619 0.747934937477112 0.739739239215851 0.729150116443634
0.793301165103912 0.795252501964569 0.798513352870941 0.804614961147308 0.812925159931183 0.824570059776306 0.842089116573334 0.86189728975296 0.885269224643707 0.912085175514221 0.932288765907288 0.94884842634201 0.968230903148651 0.985840857028961 0.991827666759491 0.970881223678589 0.93807715177536 0.899955332279205 0.838797390460968 0.783277034759521 0.744674921035767 0.72078013420105 0.711590349674225 0.709347605705261 0.711453914642334 0.715698659420013 0.72135066986084 0.72863245010376 0.735292494297028 0.741643846035004 0.74798721075058 0.751928627490997 0.753084063529968 0.750954449176788 0.746842563152313 0.741137862205505 0.731930911540985 0.720801949501038
0.794482409954071 0.797457635402679 0.801553070545197 0.807981908321381 0.816653549671173 0.829102218151093 0.848488330841064 0.871386289596558 0.899824500083923 0.933024406433105 0.952771425247192 0.959183216094971 0.961108028888702 0.963977992534637 0.965744614601135 0.964633345603943 0.964104652404785 0.954015791416168 0.901286959648132 0.838268160820007 0.790023863315582 0.75714123249054 0.74142187833786 0.733720541000366 0.730901777744293 0.73156076669693 0.734043955802917 0.738091468811035 0.742173254489899 0.746251106262207 0.750270307064056 0.752091884613037 0.75108402967453 0.746698260307312 0.740991711616516 0.73435115814209 0.724785327911377 0.713819205760956
0.794518232345581 0.798028349876404 0.803166627883911 0.810408115386963 0.819124937057495 0.831727564334869 0.852023541927338 0.877046704292297 0.909765601158142 0.950332880020142 0.970433533191681 0.965842843055725 0.952522337436676 0.945234835147858 0.942960560321808 0.945693910121918 0.950405836105347 0.944802463054657 0.905957937240601 0.855634748935699 0.812579393386841 0.779680132865906 0.761797964572906 0.751317501068115 0.74535197019577 0.743397176265717 0.743448674678802 0.744967877864838 0.74700129032135 0.749109506607056 0.750770509243011 0.750498175621033 0.747516393661499 0.74123877286911 0.734569251537323 0.727818250656128 0.718719184398651 0.708720147609711
0.794362843036652 0.796928346157074 0.802544176578522 0.810809552669525 0.819925129413605 0.831926703453064 0.851092576980591 0.874912261962891 0.906105220317841 0.944462418556213 0.962072372436523 0.953871130943298 0.935657858848572 0.924282014369965 0.918580830097198 0.917020440101624 0.915844917297363 0.90729832649231 0.881506145000458 0.849352538585663 0.818592488765717 0.791710555553436 0.775092005729675 0.764015197753906 0.75640857219696 0.752669930458069 0.750857949256897 0.750270545482635 0.750273168087006 0.750114977359772 0.74917197227478 0.746765315532684 0.741997599601746 0.73468554019928 0.728451788425446 0.722698748111725 0.714902281761169 0.706330418586731
0.795445382595062 0.795596539974213 0.8001828789711 0.808523952960968 0.817830145359039 0.829277157783508 0.846120715141296 0.865782618522644 0.889896631240845 0.916922807693481 0.929356157779694 0.925609230995178 0.913171350955963 0.903569519519806 0.897113263607025 0.892189860343933 0.887087762355804 0.877567410469055 0.858864605426788 0.837287306785583 0.815548956394196 0.794744551181793 0.780600190162659 0.770286440849304 0.762395203113556 0.757862389087677 0.754899263381958 0.752575397491455 0.750758171081543 0.748745024204254 0.746004581451416 0.742446899414062 0.737257719039917 0.730727076530457 0.725901007652283 0.721423208713531 0.714569211006165 0.707140147686005
0.798460125923157 0.795527100563049 0.797527015209198 0.804359912872314 0.813066184520721 0.823600590229034 0.8380047082901 0.853256285190582 0.869970679283142 0.886968612670898 0.895118355751038 0.894758462905884 0.888549327850342 0.882188379764557 0.876629710197449 0.870762825012207 0.864345133304596 0.855212032794952 0.840914011001587 0.825617432594299 0.809938311576843 0.794019639492035 0.782380998134613 0.77324652671814 0.765552282333374 0.760438978672028 0.756383240222931 0.752497851848602 0.749284684658051 0.746153235435486 0.742788255214691 0.73931211233139 0.734944999217987 0.730118811130524 0.726826727390289 0.722984790802002 0.716537117958069 0.710227012634277
