Climate_risk_model/Future/Seventy/ppt.dry.month.60.asc
NCOLS 24 
NROWS 30 
XLLCORNER -61.8 
YLLCORNER 11.983333333 
CELLSIZE 0.00833333333333316 
NODATA_value -9999 
-9999.000000000000000 -9999 -9999 -9999 -9999 -9999 -9999 -9999 -9999 -9999 -9999 -9999 -9999 41 41.9999999999991 42.00000016 44.0000000799983 42.0000002000017 42 42.00000004 42.00000016 42.00000016 42.9999999999991 -9999
-9999 -9999 -9999 -9999 -9999 -9999 -9999 -9999 -9999 -9999 -9999 -9999 41 41.00000012 42.0000001199992 45.9999999199966 46 46.9999999199991 42.0000000800043 43.0000000399992 45.9999999999974 46 43.0000000000026 43
-9999 -9999 -9999 -9999 -9999 -9999 -9999 -9999 -9999 -9999 -9999 41 41.00000012 44.0000001599975 45.0000001999992 44.0000000800009 46.0000000399983 45.0000001200009 44.0000000800009 44.00000004 45.9999999199983 45.99999992 43.0000000400026 43.4999999999996
-9999 -9999 -9999 -9999 -9999 -9999 -9999 -9999 -9999 -9999 40 41.00000004 44.0000000399974 48.0000000399966 49.9999999999983 46.0000000400034 47.0000001199992 48.0000000799992 46.0000000400017 45.0000000800009 44.0000000400009 44 44 44
-9999 -9999 -9999 -9999 -9999 -9999 -9999 -9999 -9999 40 40.0000002 42.00000004 45.0000000399974 49.0000001199966 50.0000001599992 47.0000001600026 50.0000000799975 50 47.0000000400026 47.00000004 45.0000000400017 44.0000000000009 44 42.0000000000017
-9999 -9999 -9999 -9999 -9999 -9999 -9999 -9999 39.99999996 40.00000012 45.00000004 43.0000002 45.9999999999974 51.9999999199949 54.0000000799983 51.0000002000026 52.0000001199992 50.0000001200017 48.0000001600017 48 46.0000000400017 44.0000000000017 43.99999996 42.0000000000017
-9999 -9999 -9999 -9999 -9999 -9999 -9999 -9999 39 43.00000008 46 48.00000008 46.0000001600017 50.0000000399966 55.9999999599949 56.00000008 55.0000000400009 52.9999999600017 51.9999998800008 47.9999999600034 46.9999999600008 44.0000000000026 43.0000000000009 42.0000000000009
-9999 -9999 -9999 -9999 -9999 -9999 -9999 38.99999996 38.99999996 44.99999988 45.99999992 49.99999992 50.00000012 51.0000001199992 55.0000001199966 57.9999999999974 56.0000000400017 52.0000000400034 49.0000000000026 47.0000000000017 45.9999999200008 43.9999999200017 42.9999999200008 42.0000000000009
-9999 -9999 -9999 -9999 -9999 -9999 -9999 38 38.00000008 42.00000004 44.00000008 48.00000004 52.9999998799957 54.0000001199992 57.9999999599966 57.9999998 56.9999998000008 52.9999998800034 48.9999999600034 46.9999999200017 43.9999999200025 41.9999999600017 41.0000000000008 41
-9999 -9999 -9999 -9999 -9999 -9999 38 38 40.00000016 43.00000012 46.00000012 49.00000012 50.0000001599992 56.999999839994 56.99999984 52.9999999600034 51.9999999200009 49.9999998800017 47.9999998800017 44.9999999200026 42.0000000000026 41.0000000400009 41 41
-9999 -9999 -9999 -9999 -9999 -9999 38 38.00000008 44.00000012 46.00000016 49.00000016 52.00000008 53.9999999599983 52.9999999600009 52.99999988 51.9999998400008 49.9999999600017 47.0000000000026 45.0000000000017 43.0000000000017 42.0000000000009 41.99999996 41.0000000000009 41
-9999 -9999 -9999 -9999 -9999 38 38.00000004 40.00000024 46.99999996 50.00000012 53.00000008 54.00000004 52.9999999600008 51.9999999200009 49.9999998800017 47.9999999200017 48.9999997999991 46.9999998800017 44.9999999600017 42.9999999200017 41.9999999600008 41.0000000000009 40.99999996 40.0000000000009
-9999 -9999 -9999 -9999 -9999 37.99999996 39.00000004 45.99999988 46.00000016 52.99999996 54.99999992 55.00000008 52.0000001600026 50.0000000000017 46.9999999600025 45.9999999200008 44.0000000800017 44 43.99999992 41.0000000400026 41 40.99999996 40.0000000000009 40
-9999 -9999 -9999 -9999 -9999 37 39.99999992 43.00000004 50 51.99999996 53.0000002 57 56.0000000000009 50.0000000000051 46.0000000400034 44.0000001200017 46.0000000799983 44.0000001200017 42.0000001200017 42.00000008 40.9999999600008 40.0000000000009 40 -9999
-9999 -9999 -9999 -9999 -9999 37 38 44.00000008 50 51.00000004 57.99999984 57 56.0000000000009 50.0000000800051 47.0000001200026 47.00000008 48.0000000799992 47.0000000400009 45.0000000400017 43.9999999600008 40.0000000000034 40 -9999 -9999
-9999 -9999 -9999 -9999 37 37 38 45.9999998 49.99999976 51.99999984 53.99999984 56.99999968 55.9999999200008 52.0000000400034 50.0000000000017 49.0000001200009 50.0000001199992 48.0000000800017 46.0000000400017 43.0000000400026 40.0000000000026 40 -9999 -9999
-9999 -9999 -9999 -9999 37 37.00000008 38.0000002 40.99999996 43.99999984 47.99999984 49.99999996 49.0000002 53.9999999999957 53.0000000000009 50.0000000800026 52.0000000799983 53.0000000399992 50.0000000000026 47.0000000000026 43.9999999200025 40.0000000400034 40.4999999999996 -9999 -9999
-9999 -9999 -9999 35.99999996 36.99999992 38.99999988 42.99999992 40.00000008 40.00000004 44 48.99999992 53.99999984 53.99999996 52.9999999600009 52.0000000400009 53.9999999199983 53.9999998 49.9999998800034 46.9999998800025 41.9999999600043 40.9999999200008 39.0000000000017 -9999 -9999
-9999 -9999 -9999 35 35 36 41.00000004 41.99999988 40.99999996 44 47.00000004 50.00000008 53.0000000799974 52.0000000000009 52.9999999599992 51.9999999200009 49.0000000000026 46.9999999200017 43.9999999600026 41.0000000000026 39.0000000000017 39 -9999 -9999
-9999 -9999 -9999 -9999 35 36 41.99999976 38.99999996 40.00000008 44.00000008 48.00000008 51.99999988 54.9999997599974 51.9999998000025 51.99999988 49.9999998800017 48.9999998400008 44.9999998800034 42.9999999200017 40.9999999200017 38.9999999600017 38.5000000000004 -9999 -9999
-9999 -9999 -9999 -9999 35 36 36.00000004 37.99999996 41.99999996 46.00000008 49.99999988 48.99999992 48.99999988 46.9999999200017 48.9999998399983 46.9999998000017 44.9999999200017 41.9999999600026 40.9999999200008 39.0000000000017 38.0000000000009 -9999 -9999 -9999
-9999 -9999 -9999 -9999 35 36 36.99999996 37.00000016 41 47.99999976 46.99999988 46.99999992 45.9999998400008 44.9999998400008 44.99999984 42.0000000000026 42.9999998799991 40.9999999200017 39.0000000000017 38.99999996 38.5000000000004 -9999 -9999 -9999
-9999 -9999 -9999 -9999 -9999 36.00000004 36.00000004 41 40.99999996 42 43.99999992 44.99999984 41.9999999600025 40.9999999200008 40.99999992 41.9999998799991 39.9999999600017 38.9999999600009 38.99999992 38.0000000000009 -9999 -9999 -9999 -9999
-9999 -9999 -9999 35 35 36.99999996 37.00000004 40.99999984 39.99999996 41.9999998 41.99999988 40.99999992 40.99999992 38.9999999200017 38.99999996 38.99999996 38.99999992 37.9999999600008 37.0000000000009 -9999 -9999 -9999 -9999 -9999
-9999 -9999 35 35 35 36.00000004 37.99999992 37 38.99999996 37 38.99999988 38.99999992 38.99999992 37.0000000000017 37.9999999599992 37.99999996 37.0000000000009 37 -9999 -9999 -9999 -9999 -9999 -9999
35 35 35 35.00000004 35 36.99999996 36.00000004 36.99999996 38 36.99999996 36 36.99999996 36.99999996 37 37 37 -9999 -9999 -9999 -9999 -9999 -9999 -9999 -9999
35 35 35 35.99999996 35 36 36.99999992 36 37.99999992 36.00000004 36 36 36 36.9999999999992 -9999 -9999 -9999 -9999 -9999 -9999 -9999 -9999 -9999 -9999
35 34.99999996 35 35 34.99999996 35.99999992 35 36 36 37 35.99999996 35.5 -9999 -9999 -9999 -9999 -9999 -9999 -9999 -9999 -9999 -9999 -9999 -9999
-9999 34 -9999 -9999 34 34 -9999 -9999 -9999 -9999 35 -9999 -9999 -9999 -9999 -9999 -9999 -9999 -9999 -9999 -9999 -9999 -9999 -9999
-9999 -9999 -9999 -9999 -9999 34 -9999 -9999 -9999 -9999 -9999 -9999 -9999 -9999 -9999 -9999 -9999 -9999 -9999 -9999 -9999 -9999 -9999 -9999
